00 00 00 00 00 00 00 00 
00 00 00 00 00 00 00 01 
00 00 00 00 00 00 00 02 
00 00 00 00 00 00 00 03 
00 00 00 00 00 00 00 04 
00 00 00 00 00 00 00 06 
00 00 00 00 00 00 00 08 
00 00 00 00 00 00 00 45 
00 00 00 00 00 00 00 4c 
00 00 00 00 00 00 00 63 
00 00 00 00 00 00 00 6c 
00 00 00 00 00 00 00 6d 
00 00 00 00 00 00 00 77 
00 00 00 00 00 00 00 80 
00 00 00 00 00 00 80 00 
00 00 00 00 00 00 f0 00 
00 00 00 00 ff ff ff 7d 
00 00 00 00 ff ff ff 7e 
00 00 00 00 ff ff ff ff 
40 00 00 00 00 00 00 00 
41 64 00 00 00 00 00 00 
00 00 00 00 00 00 00 00 
00 00 00 00 00 00 00 01 
00 00 00 00 00 00 00 06 
00 00 00 00 00 00 00 00 
00 00 00 00 00 00 00 01 
00 00 00 00 00 00 00 08 
00 00 00 00 00 00 00 04 
00 00 00 00 00 00 03 3f 
00 00 00 00 00 00 00 03 
