00 00 00 00 00 00 00 00 
00 00 00 00 00 00 00 01 
00 00 00 00 00 00 00 04 
00 00 00 00 00 00 00 08 
00 00 00 00 00 00 00 09 
00 00 00 00 00 00 00 0a 
00 00 00 00 00 00 00 17 
00 00 00 00 00 00 00 3f 
00 00 00 00 00 00 00 ff 
00 00 00 00 00 00 02 01 
00 00 00 00 00 00 20 00 
00 00 00 00 00 00 40 00 
20 00 00 00 00 00 00 00 
ff ff ff ff ff ff ff f8 
ff ff ff ff ff ff ff fe 
ff ff ff ff ff ff ff ff 
00 00 00 00 00 00 00 00 
00 00 00 00 00 00 00 01 
00 00 00 00 00 00 00 02 
00 00 00 00 00 00 00 00 
00 00 00 00 00 00 40 00 
00 00 00 00 00 00 00 03 
00 00 00 00 00 00 00 0a 
00 00 00 00 00 00 00 01 
