00 00 00 00 00 00 00 00 
00 00 00 00 00 00 00 01 
00 00 00 00 00 00 00 02 
00 00 00 00 00 00 00 04 
00 00 00 00 00 00 00 08 
00 00 00 00 00 00 00 09 
00 00 00 00 00 00 00 1f 
00 00 00 00 00 00 00 20 
00 00 00 00 00 00 00 40 
00 00 00 00 00 00 00 5c 
00 00 00 00 00 00 00 5e 
00 00 00 00 00 00 40 00 
00 00 00 00 ff ff ff ff 
00 00 00 00 00 00 00 00 
00 00 00 00 00 00 00 01 
00 00 00 00 00 00 00 02 
00 00 00 00 00 00 00 03 
00 00 00 00 00 00 00 04 
00 00 00 00 00 00 00 06 
00 00 00 00 00 00 00 07 
00 00 00 00 00 00 00 08 
00 00 00 00 00 00 00 20 
00 00 00 00 00 00 00 5c 
00 00 00 00 00 00 00 5e 
00 00 00 00 00 00 00 00 
00 00 00 00 00 00 00 01 
00 00 00 00 00 00 00 02 
