00 00 00 00 00 00 00 00 
00 00 00 00 00 00 00 01 
00 00 00 00 00 00 00 02 
00 00 00 00 00 00 00 03 
00 00 00 00 00 00 00 08 
00 00 00 00 00 00 00 0f 
00 00 00 00 00 00 00 30 
00 00 00 00 00 00 00 39 
00 00 00 00 00 00 00 41 
00 00 00 00 00 00 00 4c 
00 00 00 00 00 00 00 5a 
00 00 00 00 00 00 00 6c 
00 00 00 00 00 00 00 6e 
00 00 00 00 00 00 00 73 
00 00 00 00 00 00 00 74 
00 00 00 00 ff ff ff 7d 
00 00 00 00 ff ff ff 7e 
00 00 00 00 ff ff ff ff 
00 00 00 00 00 00 00 00 
00 00 00 00 00 00 00 01 
00 00 00 00 00 00 00 0f 
00 00 00 00 00 00 00 06 
00 00 00 00 00 00 00 00 
00 00 00 00 00 00 00 01 
00 00 00 00 00 00 00 0f 
