00 00 00 00 00 00 00 00 
00 00 00 00 00 00 00 01 
00 00 00 00 00 00 00 02 
00 00 00 00 00 00 00 03 
00 00 00 00 00 00 00 04 
00 00 00 00 00 00 00 08 
00 00 00 00 00 00 00 4c 
00 00 00 00 00 00 00 50 
00 00 00 00 00 00 00 65 
00 00 00 00 00 00 00 6d 
00 00 00 00 00 00 00 71 
00 00 00 00 00 00 00 73 
00 00 00 00 00 00 00 7a 
00 00 00 00 00 00 00 80 
00 00 00 00 00 00 00 81 
00 00 00 00 ff ff ff 7d 
00 00 00 00 ff ff ff 7e 
00 00 00 00 ff ff ff fb 
00 00 00 00 ff ff ff fc 
00 00 00 00 ff ff ff ff 
00 00 00 00 00 00 00 00 
00 00 00 00 00 00 00 01 
00 00 00 00 00 00 00 02 
00 00 00 00 00 00 00 05 
00 00 00 00 00 00 00 06 
00 00 00 00 00 00 00 06 
00 00 00 00 00 00 00 00 
00 00 00 00 00 00 00 01 
00 00 00 00 00 00 00 03 
00 00 00 00 00 00 00 14 
