00 00 00 00 00 00 00 00 
00 00 00 00 00 00 00 01 
00 00 00 00 00 00 00 02 
00 00 00 00 00 00 00 08 
00 00 00 00 00 00 00 6b 
00 00 00 00 00 00 00 73 
00 00 00 00 00 00 00 76 
00 00 00 00 00 00 00 7d 
00 00 00 00 00 00 00 7f 
00 00 00 00 00 00 00 80 
00 00 00 00 00 00 00 81 
00 00 00 00 ff ff ff 7d 
00 00 00 00 ff ff ff 7e 
00 00 00 00 ff ff ff ff 
00 00 00 00 00 00 00 01 
00 00 00 00 00 00 00 02 
00 00 00 00 00 00 00 7c 
00 00 00 00 00 00 00 7d 
00 00 00 00 00 00 00 7e 
00 00 00 00 00 00 00 7f 
00 00 00 00 00 00 00 06 
00 00 00 00 00 00 00 7d 
00 00 00 00 00 00 00 00 
00 00 00 00 00 00 00 08 
00 00 00 00 00 00 00 0f 
00 00 00 00 00 00 00 01 
00 00 00 00 00 00 00 15 
00 00 00 00 00 00 00 16 
00 00 00 00 00 00 00 0e 
