00 00 00 00 00 00 00 00 
00 00 00 00 00 00 00 01 
00 00 00 00 00 00 00 02 
00 00 00 00 00 00 00 03 
00 00 00 00 00 00 00 04 
00 00 00 00 00 00 00 06 
00 00 00 00 00 00 00 07 
00 00 00 00 00 00 00 08 
00 00 00 00 00 00 00 09 
00 00 00 00 00 00 00 10 
00 00 00 00 00 00 00 2f 
00 00 00 00 00 00 00 48 
00 00 00 00 00 00 3f 29 
00 00 00 00 08 00 00 00 
00 00 00 00 10 00 00 00 
00 00 00 00 10 00 00 02 
00 00 00 00 18 00 00 00 
00 00 00 00 2a 2e 2f 28 
00 00 00 00 00 00 00 00 
00 00 00 00 00 00 00 01 
00 00 00 00 00 00 3f 29 
00 00 00 00 00 00 00 00 
00 00 00 00 00 00 00 01 
00 00 00 00 00 00 00 48 
