00 00 00 00 00 00 00 00 
00 00 00 00 00 00 00 01 
00 00 00 00 00 00 00 02 
00 00 00 00 00 00 00 03 
00 00 00 00 00 00 00 04 
00 00 00 00 00 00 00 06 
00 00 00 00 00 00 00 07 
00 00 00 00 00 00 00 08 
00 00 00 00 00 00 00 0b 
00 00 00 00 00 00 00 0c 
00 00 00 00 00 00 00 10 
00 00 00 00 00 00 00 13 
00 00 00 00 00 00 00 20 
00 00 00 00 00 00 00 24 
00 00 00 00 00 00 00 2f 
00 00 00 00 00 00 00 78 
00 00 00 00 00 00 01 00 
00 00 00 00 00 00 01 08 
00 00 00 00 00 00 02 00 
00 00 00 00 00 00 04 00 
00 00 00 00 00 01 86 a0 
00 00 00 00 00 02 00 00 
00 00 00 00 ff ff ff 9c 
ff ff ff ff ff ff ff ff 
00 00 00 00 00 00 00 00 
00 00 00 00 00 00 00 01 
00 00 00 00 00 00 00 04 
00 00 00 00 00 00 00 06 
00 00 00 00 00 00 00 07 
00 00 00 00 00 00 00 0b 
00 00 00 00 00 00 00 0c 
00 00 00 00 00 00 00 24 
00 00 00 00 00 00 00 2f 
00 00 00 00 00 01 86 a0 
00 00 00 00 00 00 00 00 
00 00 00 00 00 00 00 00 
00 00 00 00 00 02 00 00 
00 00 00 00 00 02 00 00 
00 00 00 00 00 00 00 03 
00 00 00 00 00 00 04 06 
00 00 00 00 00 00 00 07 
00 00 00 00 00 00 00 04 
00 00 00 00 00 00 00 01 
