00 00 00 00 00 00 00 00 
00 00 00 00 00 00 00 01 
00 00 00 00 00 00 00 02 
00 00 00 00 00 00 00 03 
00 00 00 00 00 00 00 04 
00 00 00 00 00 00 00 06 
00 00 00 00 00 00 00 08 
00 00 00 00 00 00 00 10 
00 00 00 00 00 00 00 2b 
00 00 00 00 00 00 00 2d 
00 00 00 00 00 00 00 83 
00 00 00 00 00 00 00 90 
00 00 00 00 00 00 00 b0 
00 00 00 00 00 00 01 00 
00 00 00 00 00 00 04 00 
00 00 00 00 00 10 00 00 
00 00 00 00 ff ff ff ff 
00 00 00 00 00 00 00 00 
00 00 00 00 00 00 00 01 
00 00 00 00 00 00 00 02 
00 00 00 00 00 00 00 08 
00 00 00 00 00 00 00 10 
00 00 00 00 00 00 00 11 
00 00 00 00 00 00 00 18 
00 00 00 00 00 00 00 48 
00 00 00 00 00 00 00 90 
00 00 00 00 00 00 00 b0 
00 00 00 00 00 00 01 08 
00 00 00 00 00 00 01 18 
00 00 00 00 00 00 04 00 
00 00 00 00 00 10 00 00 
00 00 00 00 00 00 00 06 
00 00 00 00 00 6c 6c 61 
00 00 00 00 00 00 00 01 
00 00 00 00 00 00 00 00 
00 00 00 00 00 00 00 0a 
00 00 00 00 00 00 00 04 
00 00 00 00 00 00 00 03 
00 00 00 00 00 00 00 08 
00 00 00 00 00 00 04 39 
00 00 00 00 00 00 01 18 
