00 00 00 00 00 00 00 00 
00 00 00 00 00 00 00 01 
00 00 00 00 00 00 00 02 
00 00 00 00 00 00 00 04 
00 00 00 00 00 00 00 05 
00 00 00 00 00 00 00 06 
00 00 00 00 00 00 00 09 
00 00 00 00 00 00 00 0a 
00 00 00 00 00 00 00 0b 
00 00 00 00 00 00 00 0c 
00 00 00 00 00 00 00 0d 
00 00 00 00 00 00 00 10 
00 00 00 00 00 00 00 12 
00 00 00 00 00 00 00 13 
00 00 00 00 00 00 00 17 
00 00 00 00 00 00 00 1f 
00 00 00 00 00 00 00 20 
00 00 00 00 00 00 00 21 
00 00 00 00 00 00 00 23 
00 00 00 00 00 00 01 00 
00 00 00 00 00 00 02 00 
00 00 00 00 00 00 03 0f 
00 00 00 00 00 02 00 00 
00 00 00 00 01 00 00 00 
00 00 00 00 ff ff ff ff 
00 00 00 00 00 00 00 01 
00 00 00 00 00 00 00 05 
00 00 00 00 00 00 00 06 
00 00 00 00 00 00 00 09 
00 00 00 00 00 00 00 0a 
00 00 00 00 00 00 00 0c 
00 00 00 00 00 00 00 0d 
00 00 00 00 00 00 00 10 
00 00 00 00 00 00 00 00 
00 00 00 00 00 00 00 0a 
00 00 00 00 00 00 00 10 
