00 00 00 00 00 00 00 00 
00 00 00 00 00 00 00 01 
00 00 00 00 00 00 00 02 
00 00 00 00 00 00 00 04 
00 00 00 00 00 00 00 06 
00 00 00 00 00 00 00 07 
00 00 00 00 00 00 00 0a 
00 00 00 00 00 00 00 0b 
00 00 00 00 00 00 00 0d 
00 00 00 00 00 00 00 20 
00 00 00 00 00 00 00 40 
00 00 00 00 00 00 00 78 
00 00 00 00 00 00 02 00 
00 00 00 00 00 00 40 00 
00 00 00 00 00 00 f0 00 
00 00 00 00 00 00 00 00 
00 00 00 00 00 00 00 01 
00 00 00 00 00 00 00 02 
00 00 00 00 00 00 00 04 
00 00 00 00 00 00 00 00 
00 00 00 00 00 00 00 01 
00 00 00 00 00 00 00 40 
00 00 00 00 00 00 02 0f 
00 00 00 00 00 00 00 03 
00 00 00 00 00 00 02 30 
00 00 00 00 00 00 02 7e 
00 00 00 00 00 00 00 80 
00 00 00 00 00 00 00 20 
00 00 00 00 00 00 00 60 
