00 00 00 00 00 00 00 00 
00 00 00 00 00 00 00 01 
00 00 00 00 00 00 00 02 
00 00 00 00 00 00 00 04 
00 00 00 00 00 00 00 08 
00 00 00 00 00 00 00 09 
00 00 00 00 00 00 00 0b 
00 00 00 00 00 00 00 12 
00 00 00 00 00 00 00 16 
00 00 00 00 00 00 00 2f 
00 00 00 00 00 00 00 60 
00 00 00 00 00 00 01 08 
00 00 00 00 00 00 02 00 
00 00 00 00 00 00 04 00 
00 00 00 00 00 00 08 00 
00 00 00 00 00 00 10 00 
00 00 00 00 ff ff f0 00 
00 00 00 00 ff ff ff 9c 
ff ff ff ff ff ff ff ff 
00 00 00 00 00 00 00 00 
00 00 00 00 00 00 00 01 
00 00 00 00 00 00 00 09 
00 00 00 00 00 00 00 0b 
00 00 00 00 00 00 00 16 
00 00 00 00 00 00 00 80 
00 00 00 00 00 00 00 01 
00 00 00 00 00 00 00 00 
