00 00 00 00 00 00 00 00 
00 00 00 00 00 00 00 01 
00 00 00 00 00 00 00 04 
00 00 00 00 00 00 00 08 
00 00 00 00 00 00 00 10 
00 00 00 00 00 00 00 24 
00 00 00 00 00 00 00 30 
00 00 00 00 00 00 00 37 
00 00 00 00 00 00 00 40 
00 00 00 00 00 00 00 55 
00 00 00 00 00 00 00 57 
00 00 00 00 00 00 00 60 
00 00 00 00 00 00 00 75 
00 00 00 00 00 00 00 78 
00 00 00 00 00 00 00 9f 
00 00 00 00 00 00 10 00 
00 00 00 00 00 00 d7 ff 
00 00 00 00 00 00 00 00 
00 00 00 00 00 00 00 01 
00 00 00 00 00 00 00 03 
00 00 00 00 00 00 00 04 
00 00 00 00 00 00 00 07 
00 00 00 00 00 00 00 08 
00 00 00 00 00 00 00 00 
00 00 00 00 00 00 00 5c 
00 00 00 00 00 00 00 01 
00 00 00 00 00 00 00 08 
