00 00 00 00 00 00 00 00 
00 00 00 00 00 00 00 01 
00 00 00 00 00 00 00 08 
00 00 00 00 00 00 00 09 
00 00 00 00 00 00 00 25 
00 00 00 00 00 00 00 2a 
00 00 00 00 00 00 00 2e 
00 00 00 00 00 00 00 30 
00 00 00 00 00 00 00 3f 
00 00 00 00 00 00 00 4c 
00 00 00 00 00 00 00 5c 
00 00 00 00 00 00 00 62 
00 00 00 00 00 00 00 68 
00 00 00 00 00 00 00 6a 
00 00 00 00 00 00 00 6c 
00 00 00 00 00 00 00 71 
00 00 00 00 00 00 00 74 
00 00 00 00 00 00 00 7a 
00 00 00 00 7f ff ff ff 
ff ff ff ff 80 00 00 00 
00 00 00 00 00 00 00 00 
00 00 00 00 00 00 00 01 
00 00 00 00 00 00 00 02 
00 00 00 00 00 00 00 03 
00 00 00 00 00 00 00 04 
00 00 00 00 00 00 00 00 
00 00 00 00 00 00 00 25 
00 00 00 00 00 00 01 00 
00 00 00 00 00 00 00 03 
00 00 00 00 00 00 00 01 
00 00 00 00 00 00 00 00 
00 00 00 00 00 00 00 01 
00 00 00 00 00 00 00 01 
00 00 00 00 00 00 00 02 
