00 00 00 00 00 00 00 00 
00 00 00 00 00 00 00 01 
00 00 00 00 00 00 00 02 
00 00 00 00 00 00 00 03 
00 00 00 00 00 00 00 04 
00 00 00 00 00 00 00 05 
00 00 00 00 00 00 00 06 
00 00 00 00 00 00 00 07 
00 00 00 00 00 00 00 08 
00 00 00 00 00 00 00 09 
00 00 00 00 00 00 00 0a 
00 00 00 00 00 00 00 0b 
00 00 00 00 00 00 00 0c 
00 00 00 00 00 00 00 0d 
00 00 00 00 00 00 00 0e 
00 00 00 00 00 00 00 0f 
00 00 00 00 00 00 00 10 
00 00 00 00 00 00 00 11 
00 00 00 00 00 00 00 12 
00 00 00 00 00 00 00 13 
00 00 00 00 00 00 00 14 
00 00 00 00 00 00 00 15 
00 00 00 00 00 00 00 16 
00 00 00 00 00 00 00 18 
00 00 00 00 00 00 00 20 
00 00 00 00 00 00 00 23 
00 00 00 00 00 00 00 25 
00 00 00 00 00 00 00 27 
00 00 00 00 00 00 00 28 
00 00 00 00 00 00 00 2a 
00 00 00 00 00 00 00 2b 
00 00 00 00 00 00 00 2d 
00 00 00 00 00 00 00 2e 
00 00 00 00 00 00 00 30 
00 00 00 00 00 00 00 38 
00 00 00 00 00 00 00 40 
00 00 00 00 00 00 00 49 
00 00 00 00 00 00 00 4c 
00 00 00 00 00 00 00 50 
00 00 00 00 00 00 00 58 
00 00 00 00 00 00 00 5a 
00 00 00 00 00 00 00 63 
00 00 00 00 00 00 00 68 
00 00 00 00 00 00 00 6a 
00 00 00 00 00 00 00 6c 
00 00 00 00 00 00 00 73 
00 00 00 00 00 00 00 74 
00 00 00 00 00 00 00 7a 
07 ff ff ff ff ff ff ff 
19 99 99 99 99 99 99 99 
ff ff ff ff ff ff ff ff 
00 00 00 00 00 00 00 00 
00 00 00 00 00 00 00 01 
00 00 00 00 00 00 00 02 
00 00 00 00 00 00 00 03 
00 00 00 00 00 00 00 04 
00 00 00 00 00 00 00 05 
00 00 00 00 00 00 00 06 
00 00 00 00 00 00 00 07 
00 00 00 00 00 00 00 08 
00 00 00 00 00 00 00 09 
00 00 00 00 00 00 00 0a 
00 00 00 00 00 00 00 0b 
00 00 00 00 00 00 00 0c 
00 00 00 00 00 00 00 0d 
00 00 00 00 00 00 00 0e 
00 00 00 00 00 00 00 0f 
00 00 00 00 00 00 00 10 
00 00 00 00 00 00 00 11 
00 00 00 00 00 00 00 12 
00 00 00 00 00 00 00 13 
00 00 00 00 00 00 00 14 
00 00 00 00 00 00 00 15 
00 00 00 00 00 00 00 16 
00 00 00 00 00 00 00 63 
00 00 00 00 00 00 00 73 
00 00 00 00 00 00 04 d0 
00 00 00 00 00 00 00 00 
00 00 00 00 00 00 00 01 
00 00 00 00 00 00 00 0e 
