00 00 00 00 00 00 00 00 
00 00 00 00 00 00 00 01 
00 00 00 00 00 00 00 02 
00 00 00 00 00 00 00 08 
00 00 00 00 00 00 00 18 
00 00 00 00 00 00 00 40 
00 00 00 00 00 00 02 9b 
00 00 00 00 01 7d ed 78 
80 00 00 00 00 00 00 00 
00 00 00 00 00 00 00 00 
00 00 00 00 00 00 00 01 
00 00 00 00 00 00 00 02 
00 00 00 00 00 00 00 03 
00 00 00 00 00 00 00 3f 
00 00 00 00 00 00 00 40 
00 00 00 00 00 00 00 00 
00 00 00 00 00 00 04 c4 
00 00 00 00 00 00 00 00 
00 00 00 00 00 00 00 01 
00 00 00 00 00 00 04 f4 
