00 00 00 00 00 00 00 00 
00 00 00 00 00 00 00 01 
00 00 00 00 00 00 00 02 
00 00 00 00 00 00 00 04 
00 00 00 00 00 00 00 06 
00 00 00 00 00 00 00 08 
00 00 00 00 00 00 00 0f 
00 00 00 00 00 00 00 10 
00 00 00 00 00 00 00 20 
00 00 00 00 00 00 00 2a 
00 00 00 00 00 00 00 2b 
00 00 00 00 00 00 00 2e 
00 00 00 00 00 00 00 30 
00 00 00 00 00 00 00 45 
00 00 00 00 00 00 00 47 
00 00 00 00 00 00 00 4c 
00 00 00 00 00 00 00 67 
00 10 00 00 00 00 00 00 
00 00 00 00 00 00 00 00 
00 00 00 00 00 00 00 01 
00 00 00 00 00 00 00 02 
00 00 00 00 00 00 00 0f 
00 00 00 00 00 00 00 10 
00 00 00 00 00 00 00 20 
00 00 00 00 00 00 00 25 
00 00 00 00 00 00 00 2a 
00 00 00 00 00 00 00 2b 
00 00 00 00 00 00 00 2d 
00 00 00 00 00 00 00 2e 
00 00 00 00 00 00 00 30 
00 00 00 00 00 00 00 47 
00 00 00 00 00 00 00 4c 
00 00 00 00 00 00 00 67 
00 00 00 00 00 00 00 67 
00 00 00 00 00 00 00 47 
00 00 00 00 00 00 00 01 
00 00 00 00 00 00 00 02 
00 00 00 00 00 00 00 0f 
00 00 00 00 00 00 00 10 
00 00 00 00 00 00 00 00 
