00 00 00 00 00 00 00 00 
00 00 00 00 00 00 00 01 
00 00 00 00 00 00 00 02 
00 00 00 00 00 00 00 03 
00 00 00 00 00 00 00 04 
00 00 00 00 00 00 00 0c 
00 00 00 00 00 00 00 14 
00 00 00 00 00 00 00 16 
00 00 00 00 00 00 00 28 
00 00 00 00 00 00 00 2e 
00 00 00 00 00 00 00 2f 
00 00 00 00 00 00 0f ff 
00 00 00 00 00 00 10 00 
00 00 00 00 00 00 40 00 
00 00 00 00 00 00 a0 00 
00 00 00 00 00 00 f0 00 
00 00 00 00 ff ff ff fc 
ff ff ff ff ff ff ff ff 
00 00 00 00 00 00 00 00 
00 00 00 00 00 00 00 02 
00 00 00 00 00 00 00 14 
00 00 00 00 00 00 00 16 
00 00 00 00 00 00 00 28 
00 00 00 00 00 00 00 2f 
00 00 00 00 00 00 00 00 
00 00 00 00 00 00 10 00 
00 00 00 00 00 00 00 01 
