00 00 00 00 00 00 00 00 
00 00 00 00 00 00 00 01 
00 00 00 00 00 00 00 02 
00 00 00 00 00 00 00 04 
00 00 00 00 00 00 00 05 
00 00 00 00 00 00 00 06 
00 00 00 00 00 00 00 07 
00 00 00 00 00 00 00 08 
00 00 00 00 00 00 00 09 
00 00 00 00 00 00 00 0a 
00 00 00 00 00 00 00 0b 
00 00 00 00 00 00 00 0c 
00 00 00 00 00 00 00 0d 
00 00 00 00 00 00 00 0e 
00 00 00 00 00 00 00 10 
00 00 00 00 00 00 00 11 
00 00 00 00 00 00 00 12 
00 00 00 00 00 00 00 13 
00 00 00 00 00 00 00 14 
00 00 00 00 00 00 00 15 
00 00 00 00 00 00 00 16 
00 00 00 00 00 00 00 49 
00 00 00 00 00 00 02 00 
00 00 00 00 00 00 04 00 
00 00 00 00 00 00 08 00 
00 00 00 00 00 00 10 00 
00 00 00 00 00 00 20 00 
00 00 00 00 00 00 40 00 
00 00 00 00 00 00 60 00 
00 00 00 00 00 00 80 00 
00 00 00 00 00 00 a0 00 
00 00 00 00 00 00 c0 00 
00 00 00 00 00 00 f0 00 
00 00 00 00 ff ff ff ff 
00 00 00 00 00 00 00 00 
00 00 00 00 00 00 00 05 
00 00 00 00 00 00 00 06 
00 00 00 00 00 00 00 07 
00 00 00 00 00 00 00 08 
00 00 00 00 00 00 00 09 
00 00 00 00 00 00 00 0a 
00 00 00 00 00 00 00 0b 
00 00 00 00 00 00 00 0c 
00 00 00 00 00 00 00 0d 
00 00 00 00 00 00 00 0e 
00 00 00 00 00 00 00 10 
00 00 00 00 00 00 00 11 
00 00 00 00 00 00 00 12 
00 00 00 00 00 00 00 13 
00 00 00 00 00 00 00 14 
00 00 00 00 00 00 00 15 
00 00 00 00 00 00 00 16 
00 00 00 00 00 00 00 0c 
00 00 00 00 00 00 00 10 
00 00 00 00 00 00 00 15 
00 00 00 00 00 00 00 11 
00 00 00 00 00 00 00 13 
00 00 00 00 00 00 00 14 
00 00 00 00 00 00 00 12 
00 00 00 00 00 00 00 0d 
00 00 00 00 00 00 00 0e 
00 00 00 00 00 00 00 16 
