00 00 00 00 00 00 00 00 
00 00 00 00 00 00 00 01 
00 00 00 00 00 00 00 02 
00 00 00 00 00 00 00 06 
00 00 00 00 00 00 00 07 
00 00 00 00 00 00 00 08 
00 00 00 00 00 00 00 09 
00 00 00 00 00 00 00 20 
00 00 00 00 00 00 00 22 
00 00 00 00 00 00 00 23 
00 00 00 00 00 00 00 24 
00 00 00 00 00 00 00 27 
00 00 00 00 00 00 00 59 
00 00 00 00 00 00 00 5c 
00 00 00 00 00 00 00 5f 
00 00 00 00 00 00 00 63 
00 00 00 00 00 00 00 00 
00 00 00 00 00 00 00 01 
00 00 00 00 00 00 00 20 
00 00 00 00 00 00 00 59 
00 00 00 00 00 00 01 8b 
00 00 00 00 00 00 00 07 
00 00 00 00 00 00 00 00 
00 00 00 00 00 00 00 7d 
