00 00 00 00 00 00 00 00 
00 00 00 00 00 00 00 01 
00 00 00 00 00 00 00 02 
00 00 00 00 00 00 00 03 
00 00 00 00 00 00 00 08 
00 00 00 00 00 00 00 09 
00 00 00 00 00 00 00 20 
00 00 00 00 00 00 00 30 
00 00 00 00 00 00 00 43 
00 00 00 00 00 00 00 53 
00 00 00 00 00 00 00 69 
00 00 00 00 00 00 00 75 
00 00 00 00 00 00 00 76 
00 00 00 00 00 00 00 7f 
00 00 00 00 00 00 00 80 
00 00 00 00 00 00 00 82 
00 00 00 00 00 00 00 83 
00 00 00 00 ff ff ff 7d 
00 00 00 00 ff ff ff 7e 
00 00 00 00 ff ff ff ff 
00 00 00 00 00 00 00 00 
00 00 00 00 00 00 00 01 
00 00 00 00 00 00 00 02 
00 00 00 00 00 00 00 08 
00 00 00 00 00 00 00 7e 
00 00 00 00 00 00 00 7f 
00 00 00 00 00 00 00 06 
00 00 00 00 00 00 00 7d 
00 00 00 00 00 00 00 00 
00 00 00 00 00 00 00 01 
00 00 00 00 00 00 00 08 
00 00 00 00 00 00 00 11 
00 00 00 00 00 00 00 01 
00 00 00 00 00 00 00 02 
00 00 00 00 00 00 00 3d 
00 00 00 00 00 00 00 0a 
00 00 00 00 00 00 00 00 
00 00 00 00 00 00 00 0a 
00 00 00 00 00 00 00 04 
00 00 00 00 00 00 00 20 
