0x400113a[67113274, 67113278]
0x400113a[67113274, 67113278]
0x400173c[67114812, 67114819, 67114820, 67114821]
0x400173c[67114812, 67114819, 67114820, 67114821]
0x400187a[67115130, 67115134, 67115138, 67115141, 67115148, 67115151]
0x40018a2[67115170, 67115174, 67115178, 67115181, 67115188, 67115191]
0x40018a2[67115170, 67115174, 67115178, 67115181, 67115188, 67115191]
0x400187a[67115130, 67115134, 67115138, 67115141, 67115148, 67115151]
0x40018a2[67115170, 67115174, 67115178, 67115181, 67115188, 67115191]
0x40018a2[67115170, 67115174, 67115178, 67115181, 67115188, 67115191]
0x4001a16[67115542, 67115543, 67115547, 67115548, 67115549]
0x4001a16[67115542, 67115543, 67115547, 67115548, 67115549]
0x4001a72[67115634, 67115638, 67115642]
0x4001a72[67115634, 67115638, 67115642]
0x4001adc[67115740, 67115744, 67115748, 67115752, 67115756, 67115763, 67115767, 67115774, 67115778, 67115785, 67115786, 67115787]
0x4001adc[67115740, 67115744, 67115748, 67115752, 67115756, 67115763, 67115767, 67115774, 67115778, 67115785, 67115786, 67115787]
0x4002ea5[67120805, 67120809, 67120813]
0x4002ea5[67120805, 67120809, 67120813]
0x4002f90[67121040, 67121044, 67121048, 67121052, 67121056, 67121059]
0x4002f90[67121040, 67121044, 67121048, 67121052, 67121056, 67121059]
0x4002ff3[67121139, 67121143]
0x4002ff3[67121139, 67121143]
0x4003048[67121224, 67121228, 67121231, 67121235, 67121238]
0x4003048[67121224, 67121228, 67121231, 67121235, 67121238]
0x40031c7[67121607, 67121611, 67121614, 67121619, 67121622]
0x40031c7[67121607, 67121611, 67121614, 67121619, 67121622]
0x4003337[67121975, 67121979]
0x40031c7[67121607, 67121611, 67121614, 67121619, 67121622]
0x40031c7[67121607, 67121611, 67121614, 67121619, 67121622]
0x4003337[67121975, 67121979]
0x40039f2[67123698, 67123701, 67123704, 67123711, 67123714]
0x4003e46[67124806, 67124810, 67124814, 67124817, 67124821, 67124824, 67124831]
0x40039f2[67123698, 67123701, 67123704, 67123711, 67123714]
0x4003e46[67124806, 67124810, 67124814, 67124817, 67124821, 67124824, 67124831]
0x4003c40[67124288, 67124292, 67124296, 67124299, 67124303, 67124306, 67124313]
0x4003bb5[67124149, 67124153, 67124157, 67124160, 67124164, 67124167, 67124174]
0x4003a7e[67123838, 67123842, 67123846, 67123849, 67123853, 67123856, 67123863]
0x4003ce1[67124449, 67124453, 67124457, 67124460, 67124464, 67124467, 67124474]
0x4003d90[67124624, 67124628, 67124632, 67124635, 67124639, 67124642, 67124649]
0x4003a36[67123766, 67123770, 67123774, 67123777, 67123781, 67123784, 67123791]
0x4003b38[67124024, 67124028, 67124032, 67124035, 67124039, 67124042, 67124049]
0x4003ad4[67123924, 67123928, 67123932, 67123935, 67123939, 67123942, 67123949]
0x4003e96[67124886, 67124890]
0x4003c40[67124288, 67124292, 67124296, 67124299, 67124303, 67124306, 67124313]
0x4003bb5[67124149, 67124153, 67124157, 67124160, 67124164, 67124167, 67124174]
0x4003a7e[67123838, 67123842, 67123846, 67123849, 67123853, 67123856, 67123863]
0x4003ce1[67124449, 67124453, 67124457, 67124460, 67124464, 67124467, 67124474]
0x4003d90[67124624, 67124628, 67124632, 67124635, 67124639, 67124642, 67124649]
0x4003a36[67123766, 67123770, 67123774, 67123777, 67123781, 67123784, 67123791]
0x4003b38[67124024, 67124028, 67124032, 67124035, 67124039, 67124042, 67124049]
0x4003ad4[67123924, 67123928, 67123932, 67123935, 67123939, 67123942, 67123949]
0x4003e96[67124886, 67124890]
0x4003c8a[67124362, 67124366]
0x4003bf8[67124216, 67124220]
0x4003d2a[67124522, 67124526]
0x4003de0[67124704, 67124708]
0x4003b7c[67124092, 67124096]
0x4003c8a[67124362, 67124366]
0x4003bf8[67124216, 67124220]
0x4003d2a[67124522, 67124526]
0x4003de0[67124704, 67124708]
0x4003b7c[67124092, 67124096]
0x4003f89[67125129, 67125131, 67125133, 67125136, 67125143, 67125145, 67125148, 67125155, 67125157]
0x4003f89[67125129, 67125131, 67125133, 67125136, 67125143, 67125145, 67125148, 67125155, 67125157]
0x4004611[67126801, 67126805, 67126806, 67126808, 67126809]
0x4004609[67126793, 67126797, 67126799, 67126801, 67126805, 67126806, 67126808, 67126809]
0x4004609[67126793, 67126797, 67126799, 67126801, 67126805, 67126806, 67126808, 67126809]
0x4004609[67126793, 67126797, 67126799, 67126801, 67126805, 67126806, 67126808, 67126809]
0x4004609[67126793, 67126797, 67126799, 67126801, 67126805, 67126806, 67126808, 67126809]
0x4004850[67127376, 67127380, 67127383, 67127386, 67127391, 67127392]
0x4004c83[67128451, 67128454, 67128457, 67128464, 67128467]
0x4004d46[67128646, 67128650, 67128651, 67128652, 67128654, 67128656, 67128658, 67128660]
0x4004d46[67128646, 67128650, 67128651, 67128652, 67128654, 67128656, 67128658, 67128660]
0x4004d80[67128704, 67128708, 67128712]
0xd274[53876, 53880, 53884, 53888, 53892, 53896, 53900, 53904]
0x401100[4198656, 4198660, 4198664, 4198668, 4198672, 4198676]
0x4036fc[4208380, 4208384, 4208388, 4208392, 4208396, 4208400, 4208404, 4208408]
0x4036fc[4208380, 4208384, 4208388, 4208392, 4208396, 4208400, 4208404, 4208408]
0x4028b4[4204724, 4204728, 4204732, 4204736, 4204740]
0x4028b4[4204724, 4204728, 4204732, 4204736, 4204740]
0x4028b4[4204724, 4204728, 4204732, 4204736, 4204740]
0x4028b4[4204724, 4204728, 4204732, 4204736, 4204740]
