0x4001822[67115042, 67115046]
0x4001822[67115042, 67115046]
0x400195f[67115359, 67115361, 67115364]
0x4001a98[67115672, 67115676, 67115680, 67115685, 67115692, 67115695]
0x4001a98[67115672, 67115676, 67115680, 67115685, 67115692, 67115695]
0x4001a98[67115672, 67115676, 67115680, 67115685, 67115692, 67115695]
0x4001a98[67115672, 67115676, 67115680, 67115685, 67115692, 67115695]
0x4001d15[67116309, 67116313]
0x4001e1e[67116574, 67116578]
0x4003065[67121253, 67121256]
0x4003065[67121253, 67121256]
0x4003065[67121253, 67121256]
0x4003107[67121415, 67121419]
0x4003118[67121432, 67121435]
0x4003118[67121432, 67121435]
0x400313c[67121468, 67121471]
0x400313c[67121468, 67121471]
0x4003f70[67125104, 67125106, 67125109]
0x4003f70[67125104, 67125106, 67125109]
0x400467a[67126906, 67126908, 67126911]
0x40048cb[67127499, 67127503]
0x400493b[67127611, 67127615]
0x400493b[67127611, 67127615]
0x4004a9a[67127962, 67127965, 67127968]
0x4004aa2[67127970, 67127973]
0x4004ab1[67127985, 67127988, 67127991]
0x4004aa7[67127975, 67127978, 67127981]
0x4004ace[67128014, 67128017, 67128020]
0x4004ad6[67128022, 67128025]
0x4004adb[67128027, 67128030, 67128033]
0x4004af8[67128056, 67128059, 67128062, 67128065]
0x4004b18[67128088, 67128092]
0x4004b1e[67128094, 67128098]
0x4004b43[67128131, 67128134]
0x4004b48[67128136, 67128139]
0x4004b62[67128162, 67128165, 67128168, 67128171]
0x4004b82[67128194, 67128197, 67128200, 67128203]
0x4004ba2[67128226, 67128229, 67128232, 67128235]
0x4004bc2[67128258, 67128261, 67128264, 67128267]
0x4004be2[67128290, 67128293, 67128296]
0x4004bea[67128298, 67128301]
0x4004bf9[67128313, 67128316]
0x4004bef[67128303, 67128306, 67128309]
0x4004bfe[67128318, 67128321]
0x4004c03[67128323, 67128326, 67128329]
0x4004c20[67128352, 67128355, 67128358]
0x4004c28[67128360, 67128363]
0x4004c2d[67128365, 67128368]
0x4004c47[67128391, 67128394, 67128397, 67128400]
0x4004c67[67128423, 67128426, 67128429, 67128432]
0x4004caa[67128490, 67128493, 67128496, 67128499]
0x4004cc9[67128521, 67128524, 67128527, 67128530]
0x4004cd4[67128532, 67128535, 67128538]
0x9288[37512, 37516, 37520]
0x9288[37512, 37516, 37520]
0x401a78[4201080, 4201084, 4201088, 4201092, 4201096, 4201100, 4201104, 4201108, 4201112, 4201116]
0x401a78[4201080, 4201084, 4201088, 4201092, 4201096, 4201100, 4201104, 4201108, 4201112, 4201116]


0x401160[4198752, 4198755]
0x401255[4198997, 4198998, 4199004, 4199008, 4199011]
0x401255[4198997, 4198998, 4199004, 4199008, 4199011]
0x401654[4200020, 4200023]
0x401773[4200307, 4200317, 4200320, 4200324, 4200327, 4200332, 4200341, 4200346, 4200348, 4200351, 4200354]
0x401795[4200341, 4200346, 4200348, 4200351, 4200354]
0x401708[4200200, 4200204, 4200209, 4200214]
0x401780[4200320, 4200324, 4200327, 4200332, 4200341, 4200346, 4200348, 4200351, 4200354]
0x401795[4200341, 4200346, 4200348, 4200351, 4200354]
0x4028da[4204762, 4204769]
0x4028e3[4204771, 4204778]
0x402ce0[4205792, 4205793, 4205796]
0x4028da[4204762, 4204769]
0x4028e3[4204771, 4204778]
0x4028da[4204762, 4204769]
0x4028e3[4204771, 4204778]
0x4028da[4204762, 4204769]
0x4028e3[4204771, 4204778]
0x4028da[4204762, 4204769]
0x4028e3[4204771, 4204778]
0x4028da[4204762, 4204769]
0x4028e3[4204771, 4204778]
0x4028da[4204762, 4204769]
0x4028e3[4204771, 4204778]
0x4028da[4204762, 4204769]
0x4028e3[4204771, 4204778]
0x4028da[4204762, 4204769]
0x4028e3[4204771, 4204778]
0x403673[4208243, 4208246, 4208249]
0x403673[4208243, 4208246, 4208249]
0x403b72[4209522, 4209524, 4209527, 4209530, 4209532]
0x403b72[4209522, 4209524, 4209527, 4209530, 4209532]
0x403b72[4209522, 4209524, 4209527, 4209530, 4209532]
0x403b72[4209522, 4209524, 4209527, 4209530, 4209532]
0x403b72[4209522, 4209524, 4209527, 4209530, 4209532]
0x90f4[37108, 37112, 37116]
0x401984[4200836, 4200840, 4200844, 4200848, 4200852]



0x401160[4198752, 4198755]
0x401255[4198997, 4198998, 4199004, 4199008, 4199011]
0x401255[4198997, 4198998, 4199004, 4199008, 4199011]
0x401654[4200020, 4200023]
0x401708[4200200, 4200204, 4200209, 4200214]
0x401904[4200708, 4200717, 4200720, 4200729, 4200738]
0x401da0[4201888, 4201893]
0x401e58[4202072, 4202077]
0x401dc8[4201928, 4201932, 4201935]
0x401dd5[4201941, 4201944]
0x401da0[4201888, 4201893]
0x401e58[4202072, 4202077]
0x401dc8[4201928, 4201932, 4201935]
0x401b95[4201365, 4201370, 4201373]
0x401dd5[4201941, 4201944]
0x401b95[4201365, 4201370, 4201373]
0x401d24[4201764, 4201769, 4201773]
0x401d24[4201764, 4201769, 4201773]
0x401d24[4201764, 4201769, 4201773]
0x401d24[4201764, 4201769, 4201773]
0x402b40[4205376, 4205377, 4205380]
0x402bfb[4205563, 4205569, 4205572]
0x402c06[4205574, 4205580]
0x402dae[4205998, 4206004, 4206007]
0x402db9[4206009, 4206015]
0x402dae[4205998, 4206004, 4206007]
0x402db9[4206009, 4206015]
0x402dae[4205998, 4206004, 4206007]
0x402db9[4206009, 4206015]
0x403262[4207202, 4207204, 4207209, 4207211, 4207213, 4207214, 4207215, 4207218, 4207225, 4207234, 4207242, 4207244, 4207249, 4207252]
0x403282[4207234, 4207242, 4207244, 4207249, 4207252]
0x403307[4207367, 4207373]
0x4034ac[4207788, 4207789, 4207792, 4207797, 4207804, 4207813, 4207821, 4207823, 4207828, 4207831]
0x4034c5[4207813, 4207821, 4207823, 4207828, 4207831]
0x40330f[4207375, 4207381]
0x403307[4207367, 4207373]
0x4034ac[4207788, 4207789, 4207792, 4207797, 4207804, 4207813, 4207821, 4207823, 4207828, 4207831]
0x4034c5[4207813, 4207821, 4207823, 4207828, 4207831]
0x40330f[4207375, 4207381]
0x40354a[4207946, 4207952]
0x4036e8[4208360, 4208362, 4208367, 4208368, 4208369, 4208376, 4208385, 4208393, 4208395, 4208400, 4208403]
0x403701[4208385, 4208393, 4208395, 4208400, 4208403]
0x40354a[4207946, 4207952]
0x403552[4207954, 4207960]
0x4036e8[4208360, 4208362, 4208367, 4208368, 4208369, 4208376, 4208385, 4208393, 4208395, 4208400, 4208403]
0x403701[4208385, 4208393, 4208395, 4208400, 4208403]
0x403552[4207954, 4207960]
0x403909[4208905, 4208907, 4208912, 4208913, 4208914, 4208921, 4208930, 4208938, 4208940, 4208945, 4208949]
0x403922[4208930, 4208938, 4208940, 4208945, 4208949]
0x403909[4208905, 4208907, 4208912, 4208913, 4208914, 4208921, 4208930, 4208938, 4208940, 4208945, 4208949]
0x403922[4208930, 4208938, 4208940, 4208945, 4208949]
0x404392[4211602, 4211604, 4211609, 4211611, 4211613, 4211614, 4211615, 4211618, 4211625, 4211634, 4211642, 4211644, 4211649, 4211652]
0x4043b2[4211634, 4211642, 4211644, 4211649, 4211652]
0x404392[4211602, 4211604, 4211609, 4211611, 4211613, 4211614, 4211615, 4211618, 4211625, 4211634, 4211642, 4211644, 4211649, 4211652]
0x4043b2[4211634, 4211642, 4211644, 4211649, 4211652]
0x404486[4211846, 4211852]
0x40448e[4211854, 4211860]
0x404486[4211846, 4211852]
0x40448e[4211854, 4211860]
0x4046dd[4212445, 4212451, 4212455]
0x4046dd[4212445, 4212451, 4212455]
0x4046ed[4212461, 4212467]
0x4046ed[4212461, 4212467]
0x404950[4213072, 4213078, 4213082]
0x404950[4213072, 4213078, 4213082]
0x404960[4213088, 4213094]
0x404960[4213088, 4213094]
0x404fce[4214734, 4214740, 4214743]
0x404fce[4214734, 4214740, 4214743]
0x404fd9[4214745, 4214751]
0x404fd9[4214745, 4214751]
0x4034ac[4207788, 4207789, 4207792, 4207797, 4207804, 4207813, 4207821, 4207823, 4207828, 4207831]
0x4034c5[4207813, 4207821, 4207823, 4207828, 4207831]
0x40354a[4207946, 4207952]
0x4036e8[4208360, 4208362, 4208367, 4208368, 4208369, 4208376, 4208385, 4208393, 4208395, 4208400, 4208403]
0x403701[4208385, 4208393, 4208395, 4208400, 4208403]
0x403552[4207954, 4207960]
0x40354a[4207946, 4207952]
0x4036e8[4208360, 4208362, 4208367, 4208368, 4208369, 4208376, 4208385, 4208393, 4208395, 4208400, 4208403]
0x403701[4208385, 4208393, 4208395, 4208400, 4208403]
0x403552[4207954, 4207960]
0x403909[4208905, 4208907, 4208912, 4208913, 4208914, 4208921, 4208930, 4208938, 4208940, 4208945, 4208949]
0x403922[4208930, 4208938, 4208940, 4208945, 4208949]
0x403909[4208905, 4208907, 4208912, 4208913, 4208914, 4208921, 4208930, 4208938, 4208940, 4208945, 4208949]
0x403922[4208930, 4208938, 4208940, 4208945, 4208949]
0x404392[4211602, 4211604, 4211609, 4211611, 4211613, 4211614, 4211615, 4211618, 4211625, 4211634, 4211642, 4211644, 4211649, 4211652]
0x4043b2[4211634, 4211642, 4211644, 4211649, 4211652]
0x404392[4211602, 4211604, 4211609, 4211611, 4211613, 4211614, 4211615, 4211618, 4211625, 4211634, 4211642, 4211644, 4211649, 4211652]
0x4043b2[4211634, 4211642, 4211644, 4211649, 4211652]
0x404486[4211846, 4211852]
0x40448e[4211854, 4211860]
0x404486[4211846, 4211852]
0x40448e[4211854, 4211860]
0x4046dd[4212445, 4212451, 4212455]
0x4046dd[4212445, 4212451, 4212455]
0x4046ed[4212461, 4212467]
0x4046ed[4212461, 4212467]
0x404950[4213072, 4213078, 4213082]
0x404950[4213072, 4213078, 4213082]
0x404960[4213088, 4213094]
0x404960[4213088, 4213094]
0x404fce[4214734, 4214740, 4214743]
0x404fce[4214734, 4214740, 4214743]
0x404fd9[4214745, 4214751]
0x404fd9[4214745, 4214751]
0x4036e8[4208360, 4208362, 4208367, 4208368, 4208369, 4208376, 4208385, 4208393, 4208395, 4208400, 4208403]
0x403701[4208385, 4208393, 4208395, 4208400, 4208403]
0x403909[4208905, 4208907, 4208912, 4208913, 4208914, 4208921, 4208930, 4208938, 4208940, 4208945, 4208949]
0x403922[4208930, 4208938, 4208940, 4208945, 4208949]
0x403909[4208905, 4208907, 4208912, 4208913, 4208914, 4208921, 4208930, 4208938, 4208940, 4208945, 4208949]
0x403922[4208930, 4208938, 4208940, 4208945, 4208949]
0x404392[4211602, 4211604, 4211609, 4211611, 4211613, 4211614, 4211615, 4211618, 4211625, 4211634, 4211642, 4211644, 4211649, 4211652]
0x4043b2[4211634, 4211642, 4211644, 4211649, 4211652]
0x404392[4211602, 4211604, 4211609, 4211611, 4211613, 4211614, 4211615, 4211618, 4211625, 4211634, 4211642, 4211644, 4211649, 4211652]
0x4043b2[4211634, 4211642, 4211644, 4211649, 4211652]
0x404486[4211846, 4211852]
0x40448e[4211854, 4211860]
0x404486[4211846, 4211852]
0x40448e[4211854, 4211860]
0x4046dd[4212445, 4212451, 4212455]
0x4046dd[4212445, 4212451, 4212455]
0x4046ed[4212461, 4212467]
0x4046ed[4212461, 4212467]
0x404950[4213072, 4213078, 4213082]
0x404950[4213072, 4213078, 4213082]
0x404960[4213088, 4213094]
0x404960[4213088, 4213094]
0x404fce[4214734, 4214740, 4214743]
0x404fce[4214734, 4214740, 4214743]
0x404fd9[4214745, 4214751]
0x404fd9[4214745, 4214751]
0x403909[4208905, 4208907, 4208912, 4208913, 4208914, 4208921, 4208930, 4208938, 4208940, 4208945, 4208949]
0x403922[4208930, 4208938, 4208940, 4208945, 4208949]
0x404392[4211602, 4211604, 4211609, 4211611, 4211613, 4211614, 4211615, 4211618, 4211625, 4211634, 4211642, 4211644, 4211649, 4211652]
0x4043b2[4211634, 4211642, 4211644, 4211649, 4211652]
0x404392[4211602, 4211604, 4211609, 4211611, 4211613, 4211614, 4211615, 4211618, 4211625, 4211634, 4211642, 4211644, 4211649, 4211652]
0x4043b2[4211634, 4211642, 4211644, 4211649, 4211652]
0x404486[4211846, 4211852]
0x40448e[4211854, 4211860]
0x404486[4211846, 4211852]
0x40448e[4211854, 4211860]
0x4046dd[4212445, 4212451, 4212455]
0x4046dd[4212445, 4212451, 4212455]
0x4046ed[4212461, 4212467]
0x4046ed[4212461, 4212467]
0x404950[4213072, 4213078, 4213082]
0x404950[4213072, 4213078, 4213082]
0x404960[4213088, 4213094]
0x404960[4213088, 4213094]
0x404fce[4214734, 4214740, 4214743]
0x404fce[4214734, 4214740, 4214743]
0x404fd9[4214745, 4214751]
0x404fd9[4214745, 4214751]
0x404392[4211602, 4211604, 4211609, 4211611, 4211613, 4211614, 4211615, 4211618, 4211625, 4211634, 4211642, 4211644, 4211649, 4211652]
0x4043b2[4211634, 4211642, 4211644, 4211649, 4211652]
0x404392[4211602, 4211604, 4211609, 4211611, 4211613, 4211614, 4211615, 4211618, 4211625, 4211634, 4211642, 4211644, 4211649, 4211652]
0x4043b2[4211634, 4211642, 4211644, 4211649, 4211652]
0x404486[4211846, 4211852]
0x40448e[4211854, 4211860]
0x404486[4211846, 4211852]
0x40448e[4211854, 4211860]
0x4046dd[4212445, 4212451, 4212455]
0x4046dd[4212445, 4212451, 4212455]
0x4046ed[4212461, 4212467]
0x4046ed[4212461, 4212467]
0x404950[4213072, 4213078, 4213082]
0x404950[4213072, 4213078, 4213082]
0x404960[4213088, 4213094]
0x404960[4213088, 4213094]
0x404fce[4214734, 4214740, 4214743]
0x404fce[4214734, 4214740, 4214743]
0x404fd9[4214745, 4214751]
0x404fd9[4214745, 4214751]
0x404392[4211602, 4211604, 4211609, 4211611, 4211613, 4211614, 4211615, 4211618, 4211625, 4211634, 4211642, 4211644, 4211649, 4211652]
0x4043b2[4211634, 4211642, 4211644, 4211649, 4211652]
0x404392[4211602, 4211604, 4211609, 4211611, 4211613, 4211614, 4211615, 4211618, 4211625, 4211634, 4211642, 4211644, 4211649, 4211652]
0x4043b2[4211634, 4211642, 4211644, 4211649, 4211652]
0x404486[4211846, 4211852]
0x40448e[4211854, 4211860]
0x404486[4211846, 4211852]
0x40448e[4211854, 4211860]
0x4046dd[4212445, 4212451, 4212455]
0x4046dd[4212445, 4212451, 4212455]
0x4046ed[4212461, 4212467]
0x4046ed[4212461, 4212467]
0x404950[4213072, 4213078, 4213082]
0x404950[4213072, 4213078, 4213082]
0x404960[4213088, 4213094]
0x404960[4213088, 4213094]
0x404fce[4214734, 4214740, 4214743]
0x404fce[4214734, 4214740, 4214743]
0x404fd9[4214745, 4214751]
0x404fd9[4214745, 4214751]
0x404392[4211602, 4211604, 4211609, 4211611, 4211613, 4211614, 4211615, 4211618, 4211625, 4211634, 4211642, 4211644, 4211649, 4211652]
0x4043b2[4211634, 4211642, 4211644, 4211649, 4211652]
0x404392[4211602, 4211604, 4211609, 4211611, 4211613, 4211614, 4211615, 4211618, 4211625, 4211634, 4211642, 4211644, 4211649, 4211652]
0x4043b2[4211634, 4211642, 4211644, 4211649, 4211652]
0x404486[4211846, 4211852]
0x40448e[4211854, 4211860]
0x404486[4211846, 4211852]
0x40448e[4211854, 4211860]
0x4046dd[4212445, 4212451, 4212455]
0x4046dd[4212445, 4212451, 4212455]
0x4046ed[4212461, 4212467]
0x4046ed[4212461, 4212467]
0x404950[4213072, 4213078, 4213082]
0x404950[4213072, 4213078, 4213082]
0x404960[4213088, 4213094]
0x404960[4213088, 4213094]
0x404fce[4214734, 4214740, 4214743]
0x404fce[4214734, 4214740, 4214743]
0x404fd9[4214745, 4214751]
0x404fd9[4214745, 4214751]
0x404392[4211602, 4211604, 4211609, 4211611, 4211613, 4211614, 4211615, 4211618, 4211625, 4211634, 4211642, 4211644, 4211649, 4211652]
0x4043b2[4211634, 4211642, 4211644, 4211649, 4211652]
0x404392[4211602, 4211604, 4211609, 4211611, 4211613, 4211614, 4211615, 4211618, 4211625, 4211634, 4211642, 4211644, 4211649, 4211652]
0x4043b2[4211634, 4211642, 4211644, 4211649, 4211652]
0x404486[4211846, 4211852]
0x40448e[4211854, 4211860]
0x404486[4211846, 4211852]
0x40448e[4211854, 4211860]
0x4046dd[4212445, 4212451, 4212455]
0x4046dd[4212445, 4212451, 4212455]
0x4046ed[4212461, 4212467]
0x4046ed[4212461, 4212467]
0x404950[4213072, 4213078, 4213082]
0x404950[4213072, 4213078, 4213082]
0x404960[4213088, 4213094]
0x404960[4213088, 4213094]
0x404fce[4214734, 4214740, 4214743]
0x404fce[4214734, 4214740, 4214743]
0x404fd9[4214745, 4214751]
0x404fd9[4214745, 4214751]
0x404392[4211602, 4211604, 4211609, 4211611, 4211613, 4211614, 4211615, 4211618, 4211625, 4211634, 4211642, 4211644, 4211649, 4211652]
0x4043b2[4211634, 4211642, 4211644, 4211649, 4211652]
0x404486[4211846, 4211852]
0x40448e[4211854, 4211860]
0x404486[4211846, 4211852]
0x40448e[4211854, 4211860]
0x4046dd[4212445, 4212451, 4212455]
0x4046dd[4212445, 4212451, 4212455]
0x4046ed[4212461, 4212467]
0x4046ed[4212461, 4212467]
0x404950[4213072, 4213078, 4213082]
0x404950[4213072, 4213078, 4213082]
0x404960[4213088, 4213094]
0x404960[4213088, 4213094]
0x404fce[4214734, 4214740, 4214743]
0x404fce[4214734, 4214740, 4214743]
0x404fd9[4214745, 4214751]
0x404fd9[4214745, 4214751]
0x4046dd[4212445, 4212451, 4212455]
0x4046ed[4212461, 4212467]
0x404950[4213072, 4213078, 4213082]
0x404960[4213088, 4213094]
0x404950[4213072, 4213078, 4213082]
0x404960[4213088, 4213094]
0x404fce[4214734, 4214740, 4214743]
0x404fd9[4214745, 4214751]
0x404fce[4214734, 4214740, 4214743]
0x404fd9[4214745, 4214751]
0x404950[4213072, 4213078, 4213082]
0x404960[4213088, 4213094]
0x404fce[4214734, 4214740, 4214743]
0x404fd9[4214745, 4214751]
0x404fce[4214734, 4214740, 4214743]
0x404fd9[4214745, 4214751]
0x404fce[4214734, 4214740, 4214743]
0x404fd9[4214745, 4214751]
0x404fce[4214734, 4214740, 4214743]
0x404fd9[4214745, 4214751]
0x404fce[4214734, 4214740, 4214743]
0x404fd9[4214745, 4214751]
0x404fce[4214734, 4214740, 4214743]
0x404fd9[4214745, 4214751]
0x404fce[4214734, 4214740, 4214743]
0x404fd9[4214745, 4214751]
0x40531b[4215579, 4215585, 4215588]
0x405326[4215590, 4215596]
0x405a74[4217460, 4217463, 4217466]
0x405b7f[4217727, 4217731]
0x405ba2[4217762, 4217766]
0x405bc5[4217797, 4217801]
0x405be8[4217832, 4217836]
0x405d00[4218112, 4218118]
0x405c0b[4217867, 4217871]
0x405d00[4218112, 4218118]
0x405ef0[4218608, 4218614]
0x4063c2[4219842, 4219844, 4219847, 4219850, 4219852]
0x4063c2[4219842, 4219844, 4219847, 4219850, 4219852]
0x4063c2[4219842, 4219844, 4219847, 4219850, 4219852]
0x4063c2[4219842, 4219844, 4219847, 4219850, 4219852]
0x4063c2[4219842, 4219844, 4219847, 4219850, 4219852]
0x4063c2[4219842, 4219844, 4219847, 4219850, 4219852]
0x4063c2[4219842, 4219844, 4219847, 4219850, 4219852]
0x4063c2[4219842, 4219844, 4219847, 4219850, 4219852]
0x4063c2[4219842, 4219844, 4219847, 4219850, 4219852]
0x4063c2[4219842, 4219844, 4219847, 4219850, 4219852]
0x4063c2[4219842, 4219844, 4219847, 4219850, 4219852]
0x4063c2[4219842, 4219844, 4219847, 4219850, 4219852]
0x4063c2[4219842, 4219844, 4219847, 4219850, 4219852]
0x4063c2[4219842, 4219844, 4219847, 4219850, 4219852]
0x4063c2[4219842, 4219844, 4219847, 4219850, 4219852]
0x4063c2[4219842, 4219844, 4219847, 4219850, 4219852]
0x4063c2[4219842, 4219844, 4219847, 4219850, 4219852]
0x4063c2[4219842, 4219844, 4219847, 4219850, 4219852]
0x4063c2[4219842, 4219844, 4219847, 4219850, 4219852]
0x4063c2[4219842, 4219844, 4219847, 4219850, 4219852]
0x4063c2[4219842, 4219844, 4219847, 4219850, 4219852]
0x4063c2[4219842, 4219844, 4219847, 4219850, 4219852]
0x4063c2[4219842, 4219844, 4219847, 4219850, 4219852]
0x4063c2[4219842, 4219844, 4219847, 4219850, 4219852]
0x4063c2[4219842, 4219844, 4219847, 4219850, 4219852]
0x4063c2[4219842, 4219844, 4219847, 4219850, 4219852]
0x4063c2[4219842, 4219844, 4219847, 4219850, 4219852]
