0x400113a[67113274, 67113278]
0x400113a[67113274, 67113278]
0x4001427[67114023, 67114024, 67114031, 67114034, 67114037]
0x40014b9[67114169, 67114177, 67114178, 67114181]
0x400166a[67114602, 67114610]
0x400166a[67114602, 67114610]
0x40016e5[67114725, 67114732]
0x40016e5[67114725, 67114732]
0x400174c[67114828, 67114829, 67114833, 67114836, 67114843, 67114850, 67114857]
0x400187a[67115130, 67115134, 67115138, 67115141, 67115148, 67115151]
0x40018a2[67115170, 67115174, 67115178, 67115181, 67115188, 67115191]
0x40018a2[67115170, 67115174, 67115178, 67115181, 67115188, 67115191]
0x400187a[67115130, 67115134, 67115138, 67115141, 67115148, 67115151]
0x40018a2[67115170, 67115174, 67115178, 67115181, 67115188, 67115191]
0x40018a2[67115170, 67115174, 67115178, 67115181, 67115188, 67115191]
0x4001930[67115312, 67115313, 67115317, 67115324, 67115327]
0x4001a2a[67115562, 67115567]
0x4001a6b[67115627, 67115632]
0x4001a88[67115656, 67115660, 67115663, 67115666, 67115670]
0x4001a6b[67115627, 67115632]
0x4001a88[67115656, 67115660, 67115663, 67115666, 67115670]
0x4001a98[67115672, 67115676, 67115680, 67115685, 67115692, 67115695]
0x4001a88[67115656, 67115660, 67115663, 67115666, 67115670]
0x4001a98[67115672, 67115676, 67115680, 67115685, 67115692, 67115695]
0x4001a88[67115656, 67115660, 67115663, 67115666, 67115670]
0x4001b0c[67115788, 67115789, 67115792, 67115796, 67115800]
0x4001b22[67115810, 67115815]
0x4001b62[67115874, 67115879]
0x4001b85[67115909, 67115914]
0x4001bb8[67115960, 67115965]
0x4001c36[67116086, 67116091]
0x4001c75[67116149, 67116154]
0x4001c91[67116177, 67116182]
0x4001c91[67116177, 67116182]
0x4001c98[67116184, 67116189]
0x4001d7b[67116411, 67116412, 67116415, 67116419, 67116423, 67116426, 67116430, 67116433]
0x4001d9e[67116446, 67116450]
0x4002e38[67120696, 67120701]
0x4002e8d[67120781, 67120785, 67120789, 67120791, 67120792, 67120794, 67120797, 67120800]
0x4002e8d[67120781, 67120785, 67120789, 67120791, 67120792, 67120794, 67120797, 67120800]
0x4002e8d[67120781, 67120785, 67120789, 67120791, 67120792, 67120794, 67120797, 67120800]
0x4002e8d[67120781, 67120785, 67120789, 67120791, 67120792, 67120794, 67120797, 67120800]
0x4002ec0[67120832, 67120833, 67120836, 67120840, 67120844, 67120848, 67120852, 67120856, 67120860, 67120864, 67120867, 67120872, 67120875]
0x4002f0a[67120906, 67120911]
0x4002f69[67121001, 67121005, 67121009, 67121010, 67121011, 67121013, 67121016, 67121019, 67121022, 67121025, 67121030, 67121035]
0x4002f69[67121001, 67121005, 67121009, 67121010, 67121011, 67121013, 67121016, 67121019, 67121022, 67121025, 67121030, 67121035]
0x4002f69[67121001, 67121005, 67121009, 67121010, 67121011, 67121013, 67121016, 67121019, 67121022, 67121025, 67121030, 67121035]
0x4002f69[67121001, 67121005, 67121009, 67121010, 67121011, 67121013, 67121016, 67121019, 67121022, 67121025, 67121030, 67121035]
0x4002fdb[67121115, 67121119, 67121123, 67121125, 67121126, 67121128, 67121131, 67121134]
0x4002fdb[67121115, 67121119, 67121123, 67121125, 67121126, 67121128, 67121131, 67121134]
0x4002fdb[67121115, 67121119, 67121123, 67121125, 67121126, 67121128, 67121131, 67121134]
0x4002fdb[67121115, 67121119, 67121123, 67121125, 67121126, 67121128, 67121131, 67121134]
0x4003004[67121156, 67121161]
0x4003004[67121156, 67121161]
0x4003020[67121184, 67121185, 67121188, 67121192, 67121199, 67121203, 67121210]
0x400306e[67121262, 67121266, 67121273, 67121276]
0x40030ae[67121326, 67121330]
0x400306e[67121262, 67121266, 67121273, 67121276]
0x40030ae[67121326, 67121330]
0x40030ae[67121326, 67121330]
0x40030ae[67121326, 67121330]
0x40030db[67121371, 67121372, 67121375, 67121379, 67121382, 67121386, 67121390, 67121394]
0x4003258[67121752, 67121756, 67121760, 67121762, 67121763, 67121765, 67121768, 67121771]
0x4003258[67121752, 67121756, 67121760, 67121762, 67121763, 67121765, 67121768, 67121771]
0x4003258[67121752, 67121756, 67121760, 67121762, 67121763, 67121765, 67121768, 67121771]
0x4003258[67121752, 67121756, 67121760, 67121762, 67121763, 67121765, 67121768, 67121771]
0x400327c[67121788, 67121792]
0x400327c[67121788, 67121792]
0x40032b3[67121843, 67121847]
0x40032b3[67121843, 67121847]
0x400331f[67121951, 67121955, 67121959, 67121961, 67121962, 67121964, 67121967, 67121970]
0x400331f[67121951, 67121955, 67121959, 67121961, 67121962, 67121964, 67121967, 67121970]
0x400331f[67121951, 67121955, 67121959, 67121961, 67121962, 67121964, 67121967, 67121970]
0x400331f[67121951, 67121955, 67121959, 67121961, 67121962, 67121964, 67121967, 67121970]
0x4003258[67121752, 67121756, 67121760, 67121762, 67121763, 67121765, 67121768, 67121771]
0x4003258[67121752, 67121756, 67121760, 67121762, 67121763, 67121765, 67121768, 67121771]
0x4003258[67121752, 67121756, 67121760, 67121762, 67121763, 67121765, 67121768, 67121771]
0x4003258[67121752, 67121756, 67121760, 67121762, 67121763, 67121765, 67121768, 67121771]
0x400334e[67121998, 67121999, 67122002, 67122006, 67122009, 67122013, 67122017, 67122020, 67122027, 67122034, 67122036]
0x400337b[67122043, 67122044, 67122047, 67122051, 67122054, 67122058, 67122062, 67122066, 67122070, 67122073, 67122080, 67122082]
0x40033a9[67122089, 67122090, 67122093, 67122097, 67122101, 67122105, 67122108, 67122113]
0x40033c8[67122120, 67122121, 67122124, 67122128, 67122132, 67122136, 67122140, 67122144, 67122147, 67122152]
0x40034b5[67122357, 67122358, 67122361, 67122365, 67122368, 67122372, 67122376, 67122379, 67122381, 67122386]
0x40034d9[67122393, 67122394, 67122397, 67122401, 67122404, 67122408, 67122412, 67122416, 67122420, 67122423, 67122425, 67122430]
0x40035bc[67122620, 67122621, 67122624, 67122628, 67122632, 67122634, 67122637, 67122641, 67122645, 67122652, 67122655]
0x40035e6[67122662, 67122663, 67122666, 67122670, 67122674, 67122678, 67122683, 67122686]
0x4003605[67122693, 67122694, 67122697, 67122701, 67122705, 67122709, 67122713, 67122717, 67122722, 67122725, 67122728]
0x40036ed[67122925, 67122926, 67122929, 67122933, 67122936, 67122940, 67122944, 67122948, 67122952, 67122956, 67122960, 67122963, 67122970, 67122972]
0x40037dd[67123165, 67123166, 67123169, 67123173, 67123177, 67123181, 67123185, 67123189, 67123193, 67123197, 67123200, 67123205]
0x400380c[67123212, 67123213, 67123216, 67123220, 67123224, 67123228, 67123232, 67123236, 67123240, 67123244, 67123248, 67123252, 67123255, 67123258, 67123263]
0x4003846[67123270, 67123271, 67123274, 67123278, 67123281, 67123285, 67123289, 67123293, 67123297, 67123300, 67123307, 67123309]
0x4003874[67123316, 67123317, 67123320, 67123324, 67123328, 67123332, 67123336, 67123340, 67123343, 67123348]
0x400389b[67123355, 67123356, 67123359, 67123363, 67123366, 67123370, 67123374, 67123377, 67123384, 67123387, 67123389]
0x40038c4[67123396, 67123397, 67123400, 67123404, 67123408, 67123412, 67123415, 67123420]
0x400390c[67123468, 67123473]
0x40039d4[67123668, 67123673]
0x4003e46[67124806, 67124810, 67124814, 67124817, 67124821, 67124824, 67124831]
0x40039d4[67123668, 67123673]
0x4003e67[67124839, 67124843, 67124847, 67124850, 67124853, 67124855, 67124857, 67124859, 67124863, 67124867, 67124870, 67124873, 67124876, 67124881]
0x4003e67[67124839, 67124843, 67124847, 67124850, 67124853, 67124855, 67124857, 67124859, 67124863, 67124867, 67124870, 67124873, 67124876, 67124881]
0x4003e46[67124806, 67124810, 67124814, 67124817, 67124821, 67124824, 67124831]
0x4003c40[67124288, 67124292, 67124296, 67124299, 67124303, 67124306, 67124313]
0x4003bb5[67124149, 67124153, 67124157, 67124160, 67124164, 67124167, 67124174]
0x4003a7e[67123838, 67123842, 67123846, 67123849, 67123853, 67123856, 67123863]
0x4003ce1[67124449, 67124453, 67124457, 67124460, 67124464, 67124467, 67124474]
0x4003d90[67124624, 67124628, 67124632, 67124635, 67124639, 67124642, 67124649]
0x4003a36[67123766, 67123770, 67123774, 67123777, 67123781, 67123784, 67123791]
0x4003b38[67124024, 67124028, 67124032, 67124035, 67124039, 67124042, 67124049]
0x4003ad4[67123924, 67123928, 67123932, 67123935, 67123939, 67123942, 67123949]
0x4003e67[67124839, 67124843, 67124847, 67124850, 67124853, 67124855, 67124857, 67124859, 67124863, 67124867, 67124870, 67124873, 67124876, 67124881]
0x4003e67[67124839, 67124843, 67124847, 67124850, 67124853, 67124855, 67124857, 67124859, 67124863, 67124867, 67124870, 67124873, 67124876, 67124881]
0x4003c61[67124321, 67124325, 67124329, 67124331, 67124333, 67124335, 67124339, 67124343, 67124346, 67124349, 67124352, 67124357]
0x4003c61[67124321, 67124325, 67124329, 67124331, 67124333, 67124335, 67124339, 67124343, 67124346, 67124349, 67124352, 67124357]
0x4003db1[67124657, 67124661, 67124665, 67124668, 67124671, 67124673, 67124675, 67124677, 67124681, 67124685, 67124688, 67124691, 67124694, 67124699]
0x4003db1[67124657, 67124661, 67124665, 67124668, 67124671, 67124673, 67124675, 67124677, 67124681, 67124685, 67124688, 67124691, 67124694, 67124699]
0x4003b59[67124057, 67124061, 67124065, 67124067, 67124070, 67124073, 67124076, 67124079, 67124082, 67124087]
0x4003b59[67124057, 67124061, 67124065, 67124067, 67124070, 67124073, 67124076, 67124079, 67124082, 67124087]
0x4003c40[67124288, 67124292, 67124296, 67124299, 67124303, 67124306, 67124313]
0x4003bb5[67124149, 67124153, 67124157, 67124160, 67124164, 67124167, 67124174]
0x4003a7e[67123838, 67123842, 67123846, 67123849, 67123853, 67123856, 67123863]
0x4003ce1[67124449, 67124453, 67124457, 67124460, 67124464, 67124467, 67124474]
0x4003d90[67124624, 67124628, 67124632, 67124635, 67124639, 67124642, 67124649]
0x4003a36[67123766, 67123770, 67123774, 67123777, 67123781, 67123784, 67123791]
0x4003b38[67124024, 67124028, 67124032, 67124035, 67124039, 67124042, 67124049]
0x4003ad4[67123924, 67123928, 67123932, 67123935, 67123939, 67123942, 67123949]
0x4003c61[67124321, 67124325, 67124329, 67124331, 67124333, 67124335, 67124339, 67124343, 67124346, 67124349, 67124352, 67124357]
0x4003c61[67124321, 67124325, 67124329, 67124331, 67124333, 67124335, 67124339, 67124343, 67124346, 67124349, 67124352, 67124357]
0x4003db1[67124657, 67124661, 67124665, 67124668, 67124671, 67124673, 67124675, 67124677, 67124681, 67124685, 67124688, 67124691, 67124694, 67124699]
0x4003db1[67124657, 67124661, 67124665, 67124668, 67124671, 67124673, 67124675, 67124677, 67124681, 67124685, 67124688, 67124691, 67124694, 67124699]
0x4003b59[67124057, 67124061, 67124065, 67124067, 67124070, 67124073, 67124076, 67124079, 67124082, 67124087]
0x4003b59[67124057, 67124061, 67124065, 67124067, 67124070, 67124073, 67124076, 67124079, 67124082, 67124087]
0x4003ead[67124909, 67124910, 67124913, 67124917, 67124921, 67124925, 67124929, 67124933, 67124937, 67124945]
0x4003ed8[67124952, 67124956, 67124964, 67124968, 67124971, 67124974, 67124977]
0x4003f62[67125090, 67125095]
0x4003f62[67125090, 67125095]
0x4003f62[67125090, 67125095]
0x400424d[67125837, 67125842]
0x4004254[67125844, 67125849]
0x40042bc[67125948, 67125952]
0x40042bc[67125948, 67125952]
0x4004308[67126024, 67126025, 67126028, 67126032, 67126036, 67126040, 67126043]
0x4004322[67126050, 67126051, 67126054, 67126058, 67126062, 67126066, 67126069]
0x400433e[67126078, 67126083]
0x4004345[67126085, 67126090]
0x4004367[67126119, 67126124]
0x400436e[67126126, 67126131]
0x400439f[67126175, 67126180]
0x400439f[67126175, 67126180]
0x40043a6[67126182, 67126187]
0x40043a6[67126182, 67126187]
0x40043b8[67126200, 67126201, 67126204, 67126208, 67126212, 67126216, 67126220, 67126224, 67126229, 67126232, 67126235]
0x40043e2[67126242, 67126243, 67126246, 67126250, 67126254, 67126258, 67126263, 67126266]
0x4004450[67126352, 67126357]
0x4004462[67126370, 67126371, 67126374, 67126378, 67126382, 67126386, 67126390, 67126393]
0x4004496[67126422, 67126423, 67126426, 67126430, 67126434, 67126438, 67126441]
0x4004523[67126563, 67126568]
0x400454e[67126606, 67126611]
0x4004555[67126613, 67126618]
0x4004523[67126563, 67126568]
0x400454e[67126606, 67126611]
0x4004555[67126613, 67126618]
0x40045b9[67126713, 67126717, 67126720]
0x400461a[67126810, 67126811, 67126814, 67126818, 67126822, 67126826, 67126829]
0x4004745[67127109, 67127110, 67127113, 67127117, 67127122]
0x400475b[67127131, 67127136]
0x4004789[67127177, 67127178, 67127181, 67127185, 67127188, 67127191, 67127196, 67127198]
0x40047ad[67127213, 67127214, 67127217, 67127221, 67127224, 67127228, 67127232, 67127235, 67127237]
0x40047ce[67127246, 67127251]
0x40047d5[67127253, 67127258]
0x40047fe[67127294, 67127298]
0x4004826[67127334, 67127339]
0x4004861[67127393, 67127394, 67127397, 67127401, 67127404, 67127408, 67127412, 67127416, 67127420, 67127423, 67127426, 67127428]
0x400488b[67127435, 67127436, 67127439, 67127443, 67127446, 67127449, 67127451]
0x40048a2[67127458, 67127459, 67127462, 67127466, 67127470, 67127477, 67127484, 67127488, 67127491]
0x400490c[67127564, 67127568]
0x400499a[67127706, 67127711]
0x40049f8[67127800, 67127804, 67127807]
0x4004a0d[67127821, 67127825, 67127828]
0x4004a46[67127878, 67127883]
0x4004d46[67128646, 67128650, 67128651, 67128652, 67128654, 67128656, 67128658, 67128660]
0x4004d3d[67128637, 67128641, 67128644]
0x4004d46[67128646, 67128650, 67128651, 67128652, 67128654, 67128656, 67128658, 67128660]
0x4004d3d[67128637, 67128641, 67128644]
0x4004d80[67128704, 67128708, 67128712]
0xb048[45128, 45132, 45136]
0xb048[45128, 45132, 45136]
0xd25c[53852, 53856, 53860]
0xd25c[53852, 53856, 53860]
0x401100[4198656, 4198660, 4198664, 4198668, 4198672, 4198676]
0x402bc0[4205504, 4205508, 4205512, 4205516, 4205520, 4205524, 4205528, 4205532]
0x402bc0[4205504, 4205508, 4205512, 4205516, 4205520, 4205524, 4205528, 4205532]
