0x402141[4202817, 4202818, 4202825, 4202834, 4202839, 4202841, 4202849, 4202858, 4202861, 4202870, 4202879, 4202888, 4202897, 4202906, 4202915, 4202924, 4202933, 4202942, 4202951, 4202960, 4202969, 4202976, 4202980, 4202983, 4202986]
0x402218[4203032, 4203037, 4203040, 4203045, 4203050, 4203052]
0x402308[4203272, 4203277, 4203280, 4203285, 4203290, 4203292]
0x402231[4203057, 4203059, 4203064]
0x402321[4203297, 4203299, 4203304]
0x402218[4203032, 4203037, 4203040, 4203045, 4203050, 4203052]
0x40223d[4203069, 4203072]
0x40232d[4203309, 4203312]
0x402308[4203272, 4203277, 4203280, 4203285, 4203290, 4203292]
0x402231[4203057, 4203059, 4203064]
0x402321[4203297, 4203299, 4203304]
0x40223d[4203069, 4203072]
0x402268[4203112, 4203117, 4203120, 4203125, 4203127, 4203132]
0x402359[4203353, 4203358, 4203361, 4203366, 4203371, 4203373]
0x402344[4203332, 4203334]
0x40232d[4203309, 4203312]
0x402281[4203137, 4203144]
0x402372[4203378, 4203383, 4203388]
0x402268[4203112, 4203117, 4203120, 4203125, 4203127, 4203132]
0x4022f3[4203251, 4203254, 4203257]
0x402359[4203353, 4203358, 4203361, 4203366, 4203371, 4203373]
0x4022f3[4203251, 4203254, 4203257]
0x402344[4203332, 4203334]
0x402281[4203137, 4203144]
0x4022a4[4203172, 4203177, 4203186]
0x4022f3[4203251, 4203254, 4203257]
0x4022fe[4203262]
0x4022a4[4203172, 4203177, 4203186]
0x402372[4203378, 4203383, 4203388]
0x4022fe[4203262]
0x4022f3[4203251, 4203254, 4203257]
0x4022a4[4203172, 4203177, 4203186]
0x4022a4[4203172, 4203177, 4203186]
0x402386[4203398, 4203408, 4203409, 4203410, 4203415, 4203417, 4203421, 4203423, 4203430]
0x402386[4203398, 4203408, 4203409, 4203410, 4203415, 4203417, 4203421, 4203423, 4203430]
0x4001fdb[67117019, 67117026, 67117033, 67117040]
0x4002813[67119123, 67119124, 67119131, 67119138, 67119141, 67119148, 67119155, 67119158, 67119163]
0x4002840[67119168, 67119172, 67119177]
0x4002840[67119168, 67119172, 67119177]
0x4002813[67119123, 67119124, 67119131, 67119138, 67119141, 67119148, 67119155, 67119158, 67119163]
0x4002840[67119168, 67119172, 67119177]
0x4002840[67119168, 67119172, 67119177]
0x4006547[67134791, 67134792, 67134795, 67134802, 67134805, 67134808, 67134812, 67134821, 67134825, 67134827, 67134834, 67134837, 67134839, 67134842]
0x4006565[67134821, 67134825, 67134827, 67134834, 67134837, 67134839, 67134842]
0x4006572[67134834, 67134837, 67134839, 67134842]
0x400657f[67134847, 67134854, 67134861, 67134865, 67134869, 67134873, 67134877, 67134881, 67134885, 67134889, 67134893, 67134897, 67134901, 67134905, 67134909, 67134913, 67134918, 67134923, 67134926]
0x40065d3[67134931, 67134935, 67134939, 67134942, 67134945, 67134952, 67134954]
0x40065ef[67134959, 67134963, 67134972]
0x4006603[67134979, 67134980]
0x4006e61[67137121, 67137124, 67137127, 67137129, 67137131, 67137133, 67137137, 67137141, 67137144, 67137147, 67137150, 67137155]
0x4006e61[67137121, 67137124, 67137127, 67137129, 67137131, 67137133, 67137137, 67137141, 67137144, 67137147, 67137150, 67137155]
0x4006cfb[67136763, 67136765, 67136767, 67136769, 67136773, 67136777, 67136780, 67136783, 67136786, 67136791]
0x4006dab[67136939, 67136942, 67136945, 67136947, 67136949, 67136951, 67136955, 67136959, 67136962, 67136965, 67136968, 67136973]
0x4006b53[67136339, 67136341, 67136344, 67136347, 67136350, 67136353, 67136356, 67136361]
0x4006b6e[67136366, 67136370]
0x4006c5b[67136603, 67136605, 67136607, 67136609, 67136613, 67136617, 67136620, 67136623, 67136626, 67136631]
0x4006bce[67136462, 67136464, 67136468, 67136471, 67136474, 67136477, 67136480, 67136485]
0x4006bea[67136490, 67136494]
0x4006b6e[67136366, 67136370]
0x4006bea[67136490, 67136494]
