0x401bef[4201455, 4201460, 4201465, 4201470, 4201472]
0x401c05[4201477, 4201481, 4201483]
0x401bef[4201455, 4201460, 4201465, 4201470, 4201472]
0x401c05[4201477, 4201481, 4201483]
0x4021e0[4202976, 4202980, 4202983, 4202986]
0x4021e0[4202976, 4202980, 4202983, 4202986]
0x40024e5[67118309, 67118310, 67118314, 67118317, 67118321, 67118330, 67118334, 67118336, 67118340, 67118344, 67118348, 67118351, 67118354]
0x4002517[67118359, 67118366, 67118371]
0x4002528[67118376, 67118383, 67118390]
0x400253b[67118395, 67118402]
0x4002547[67118407, 67118414, 67118417]
0x4002556[67118422, 67118426, 67118429]
0x4002562[67118434]
0x4002567[67118439]
0x400288b[67119243, 67119246, 67119250]
0x40028c1[67119297, 67119300, 67119305, 67119310, 67119315]
0x400288b[67119243, 67119246, 67119250]
0x40028d8[67119320, 67119325]
0x4002a34[67119668, 67119671, 67119675]
0x40028fc[67119356, 67119360, 67119364, 67119367]
0x40028e2[67119330, 67119334, 67119336]
0x4002a34[67119668, 67119671, 67119675]
0x4002a86[67119750, 67119754, 67119755, 67119757, 67119758]
0x400291a[67119386, 67119389, 67119396]
0x40027f7[67119095, 67119102, 67119106, 67119108, 67119115, 67119116, 67119123, 67119124, 67119131, 67119138, 67119141, 67119148, 67119155, 67119158, 67119163]
0x40029d7[67119575, 67119578, 67119585, 67119592]
0x40029b0[67119536, 67119539, 67119546, 67119553]
0x4002929[67119401, 67119404]
0x40028c1[67119297, 67119300, 67119305, 67119310, 67119315]
0x400284e[67119182, 67119186, 67119189, 67119192, 67119194]
0x40027f0[67119088, 67119095, 67119102, 67119106, 67119108, 67119115, 67119116, 67119123, 67119124, 67119131, 67119138, 67119141, 67119148, 67119155, 67119158, 67119163]
0x4002732[67118898, 67118900]
0x40029d7[67119575, 67119578, 67119585, 67119592]
0x40029b0[67119536, 67119539, 67119546, 67119553]
0x40029ed[67119597, 67119600, 67119607, 67119611, 67119614, 67119617, 67119620, 67119625]
0x40029c6[67119558, 67119561]
0x4002a86[67119750, 67119754, 67119755, 67119757, 67119758]
0x4002784[67118980, 67118982]
0x40028fc[67119356, 67119360, 67119364, 67119367]
0x4002a68[67119720, 67119724, 67119727, 67119730, 67119734, 67119743]
0x4002931[67119409, 67119411, 67119414, 67119417, 67119419, 67119424, 67119429]
0x40028d8[67119320, 67119325]
0x400285f[67119199, 67119204]
0x40027f7[67119095, 67119102, 67119106, 67119108, 67119115, 67119116, 67119123, 67119124, 67119131, 67119138, 67119141, 67119148, 67119155, 67119158, 67119163]
0x40029ed[67119597, 67119600, 67119607, 67119611, 67119614, 67119617, 67119620, 67119625]
0x40029c6[67119558, 67119561]
0x4002a0e[67119630]
0x400269e[67118750, 67118758, 67118765, 67118768, 67118771]
0x400294a[67119434, 67119440, 67119443, 67119445, 67119447, 67119449, 67119453, 67119459, 67119461, 67119469, 67119473, 67119476, 67119480, 67119484]
0x40028e2[67119330, 67119334, 67119336]
0x4002869[67119209, 67119213, 67119216, 67119222, 67119229, 67119236, 67119238]
0x400284e[67119182, 67119186, 67119189, 67119192, 67119194]
0x400285f[67119199, 67119204]
0x4002742[67118914, 67118917, 67118922, 67118927, 67118932]
0x4002a0e[67119630]
0x4002a13[67119635, 67119638, 67119640]
0x4002a0e[67119630]
0x4002a68[67119720, 67119724, 67119727, 67119730, 67119734, 67119743]
0x40027a2[67119010, 67119013, 67119020]
0x400291a[67119386, 67119389, 67119396]
0x4002869[67119209, 67119213, 67119216, 67119222, 67119229, 67119236, 67119238]
0x4002759[67118937, 67118941]
0x4002a13[67119635, 67119638, 67119640]
0x4002a0e[67119630]
0x40027b1[67119025, 67119028, 67119031, 67119036, 67119041, 67119046]
0x4002929[67119401, 67119404]
0x40027f0[67119088, 67119095, 67119102, 67119106, 67119108, 67119115, 67119116, 67119123, 67119124, 67119131, 67119138, 67119141, 67119148, 67119155, 67119158, 67119163]
0x4002732[67118898, 67118900]
0x40027cb[67119051, 67119055]
0x4002784[67118980, 67118982]
0x4002931[67119409, 67119411, 67119414, 67119417, 67119419, 67119424, 67119429]
0x400269e[67118750, 67118758, 67118765, 67118768, 67118771]
0x400294a[67119434, 67119440, 67119443, 67119445, 67119447, 67119449, 67119453, 67119459, 67119461, 67119469, 67119473, 67119476, 67119480, 67119484]
0x4002742[67118914, 67118917, 67118922, 67118927, 67118932]
0x40027a2[67119010, 67119013, 67119020]
0x4002759[67118937, 67118941]
0x40027b1[67119025, 67119028, 67119031, 67119036, 67119041, 67119046]
0x40027cb[67119051, 67119055]
0x4005db0[67132848, 67132850, 67132853, 67132856]
0x4005dbd[67132861, 67132865, 67132869]
0x4005dbd[67132861, 67132865, 67132869]
0x4005db0[67132848, 67132850, 67132853, 67132856]
0x4005dbd[67132861, 67132865, 67132869]
0x4005dbd[67132861, 67132865, 67132869]
0x400617b[67133819, 67133821, 67133824, 67133827]
0x4006188[67133832, 67133836, 67133840, 67133844, 67133848]
0x400617b[67133819, 67133821, 67133824, 67133827]
0x4006188[67133832, 67133836, 67133840, 67133844, 67133848]
0x4006242[67134018, 67134020, 67134023, 67134026]
0x400624f[67134031, 67134035]
0x4006242[67134018, 67134020, 67134023, 67134026]
0x400624f[67134031, 67134035]
0x400624f[67134031, 67134035]
0x400617b[67133819, 67133821, 67133824, 67133827]
0x4006188[67133832, 67133836, 67133840, 67133844, 67133848]
0x400624f[67134031, 67134035]
0x400617b[67133819, 67133821, 67133824, 67133827]
0x4006188[67133832, 67133836, 67133840, 67133844, 67133848]
0x400663b[67135035, 67135036, 67135039, 67135043, 67135046, 67135050, 67135054, 67135058, 67135062, 67135071, 67135075, 67135077, 67135084, 67135091, 67135095, 67135099, 67135106, 67135113, 67135117, 67135121, 67135128, 67135135, 67135139, 67135143, 67135150, 67135154, 67135158, 67135162, 67135166, 67135169, 67135172]
0x40066c9[67135177, 67135181, 67135185, 67135189, 67135192, 67135194]
0x40066df[67135199, 67135203, 67135212]
0x40066f3[67135219, 67135220]
