0x40024bb[67118267]
0x40024bb[67118267]
0x4002556[67118422, 67118426, 67118429]
0x4002556[67118422, 67118426, 67118429]
0x4002a21[67119649, 67119653, 67119657, 67119660, 67119663]
0x4002a25[67119653, 67119657, 67119660, 67119663]
0x4002a21[67119649, 67119653, 67119657, 67119660, 67119663]
0x4002a25[67119653, 67119657, 67119660, 67119663]
0x4003de0[67124704, 67124705, 67124709, 67124713, 67124717, 67124724, 67124728, 67124731, 67124734]
0x4003f40[67125056, 67125059, 67125063, 67125064, 67125065]
0x4003e31[67124785, 67124789, 67124793, 67124796]
0x4003e31[67124785, 67124789, 67124793, 67124796]
0x4003e41[67124801, 67124805, 67124810]
0x4003e51[67124817, 67124819, 67124821]
0x4003ea5[67124901, 67124904, 67124908]
0x4003f0b[67125003, 67125005]
0x4003e67[67124839, 67124842]
0x4003e6f[67124847, 67124849, 67124852, 67124854, 67124859, 67124864]
0x4003f40[67125056, 67125059, 67125063, 67125064, 67125065]
0x4003f1b[67125019, 67125022]
0x4003e85[67124869, 67124876]
0x4003e41[67124801, 67124805, 67124810]
0x4003ed9[67124953, 67124957]
0x4003f23[67125027, 67125029, 67125032, 67125034, 67125039, 67125044]
0x4003e41[67124801, 67124805, 67124810]
0x4003f39[67125049, 67125056, 67125059, 67125063, 67125064, 67125065]
0x4003f0b[67125003, 67125005]
0x4003e51[67124817, 67124819, 67124821]
0x4003ea5[67124901, 67124904, 67124908]
0x4003f40[67125056, 67125059, 67125063, 67125064, 67125065]
0x4003f1b[67125019, 67125022]
0x4003e67[67124839, 67124842]
0x4003f23[67125027, 67125029, 67125032, 67125034, 67125039, 67125044]
0x4003e6f[67124847, 67124849, 67124852, 67124854, 67124859, 67124864]
0x4003f39[67125049, 67125056, 67125059, 67125063, 67125064, 67125065]
0x4003e85[67124869, 67124876]
0x4003ed9[67124953, 67124957]
0x4003f40[67125056, 67125059, 67125063, 67125064, 67125065]
0x4003f5b[67125083, 67125084, 67125087, 67125091, 67125095, 67125099, 67125103, 67125107, 67125115, 67125119, 67125123, 67125126]
0x4003f8b[67125131, 67125135, 67125143]
0x4003fc5[67125189, 67125191]
0x4003feb[67125227, 67125231]
0x4003fc5[67125189, 67125191]
0x4003feb[67125227, 67125231]
0x4004049[67125321, 67125323]
0x4004049[67125321, 67125323]
0x400408e[67125390, 67125391, 67125395, 67125399, 67125403, 67125407, 67125412]
0x40040b2[67125426]
0x40040c0[67125440, 67125444, 67125448, 67125451, 67125456]
0x40040d5[67125461, 67125464, 67125468, 67125471, 67125476, 67125481]
0x40040d5[67125461, 67125464, 67125468, 67125471, 67125476, 67125481]
0x40040ee[67125486, 67125489, 67125493, 67125496, 67125499, 67125502, 67125507, 67125512, 67125517]
0x40040ee[67125486, 67125489, 67125493, 67125496, 67125499, 67125502, 67125507, 67125512, 67125517]
0x4004112[67125522, 67125523, 67125527, 67125528, 67125529]
0x4004112[67125522, 67125523, 67125527, 67125528, 67125529]
0x4004112[67125522, 67125523, 67125527, 67125528, 67125529]
0x4004112[67125522, 67125523, 67125527, 67125528, 67125529]
0x400411e[67125534, 67125535, 67125539, 67125543, 67125547, 67125551, 67125559, 67125566, 67125573]
0x400414a[67125578, 67125581, 67125584]
0x4004155[67125589, 67125597]
0x400425d[67125853, 67125854, 67125858, 67125859, 67125860]
0x400425d[67125853, 67125854, 67125858, 67125859, 67125860]
0x40041b2[67125682, 67125685, 67125692, 67125699, 67125702, 67125707]
0x4004190[67125648, 67125650]
0x40041d0[67125712, 67125716, 67125721, 67125724, 67125728, 67125731, 67125735]
0x4004207[67125767, 67125770, 67125777, 67125784, 67125787, 67125792]
0x40041b2[67125682, 67125685, 67125692, 67125699, 67125702, 67125707]
0x4004225[67125797, 67125802, 67125806, 67125814, 67125818, 67125821, 67125824, 67125827]
0x40041d0[67125712, 67125716, 67125721, 67125724, 67125728, 67125731, 67125735]
0x400425d[67125853, 67125854, 67125858, 67125859, 67125860]
0x400425d[67125853, 67125854, 67125858, 67125859, 67125860]
0x4004190[67125648, 67125650]
0x4004207[67125767, 67125770, 67125777, 67125784, 67125787, 67125792]
0x4004225[67125797, 67125802, 67125806, 67125814, 67125818, 67125821, 67125824, 67125827]
0x4004265[67125861, 67125862, 67125865, 67125869, 67125873, 67125877, 67125881, 67125885, 67125889, 67125893, 67125897, 67125901, 67125905, 67125909, 67125912]
0x400429d[67125917, 67125921, 67125926]
0x40042c5[67125957, 67125961, 67125965, 67125969, 67125972, 67125975]
0x40042dc[67125980, 67125984]
0x40042e2[67125986, 67125993, 67125994]
0x4005e0a[67132938, 67132939, 67132942, 67132946, 67132950, 67132954, 67132958, 67132962, 67132967]
0x4005e3f[67132991, 67132993, 67132996, 67133000, 67133003, 67133008, 67133011, 67133014, 67133016, 67133019, 67133023, 67133027, 67133031, 67133035, 67133039, 67133043, 67133047, 67133049, 67133053, 67133057, 67133061, 67133065, 67133066, 67133067, 67133069, 67133072, 67133075, 67133078, 67133081, 67133086, 67133091]
0x4005e81[67133057, 67133061, 67133065, 67133066, 67133067, 67133069, 67133072, 67133075, 67133078, 67133081, 67133086, 67133091]
0x4005e3f[67132991, 67132993, 67132996, 67133000, 67133003, 67133008, 67133011, 67133014, 67133016, 67133019, 67133023, 67133027, 67133031, 67133035, 67133039, 67133043, 67133047, 67133049, 67133053, 67133057, 67133061, 67133065, 67133066, 67133067, 67133069, 67133072, 67133075, 67133078, 67133081, 67133086, 67133091]
0x4005ea8[67133096, 67133100, 67133104, 67133108, 67133112, 67133115]
0x4005ec0[67133120, 67133124, 67133128, 67133132, 67133136, 67133140, 67133144, 67133148, 67133152, 67133155, 67133159, 67133163, 67133167, 67133171, 67133175, 67133179, 67133181, 67133182, 67133184, 67133187, 67133190]
0x4005e81[67133057, 67133061, 67133065, 67133066, 67133067, 67133069, 67133072, 67133075, 67133078, 67133081, 67133086, 67133091]
0x4005ef3[67133171, 67133175, 67133179, 67133181, 67133182, 67133184, 67133187, 67133190]
0x4005ea8[67133096, 67133100, 67133104, 67133108, 67133112, 67133115]
0x4005ec0[67133120, 67133124, 67133128, 67133132, 67133136, 67133140, 67133144, 67133148, 67133152, 67133155, 67133159, 67133163, 67133167, 67133171, 67133175, 67133179, 67133181, 67133182, 67133184, 67133187, 67133190]
0x4005f14[67133204, 67133207, 67133210, 67133212, 67133217]
0x4005ef3[67133171, 67133175, 67133179, 67133181, 67133182, 67133184, 67133187, 67133190]
0x4005f14[67133204, 67133207, 67133210, 67133212, 67133217]
0x4006322[67134242, 67134246, 67134248, 67134252, 67134255, 67134257, 67134260]
0x400632c[67134252, 67134255, 67134257, 67134260]
0x4006341[67134273, 67134276, 67134279, 67134286, 67134288]
0x400638a[67134346, 67134350, 67134352, 67134356, 67134359, 67134361, 67134364]
0x4006394[67134356, 67134359, 67134361, 67134364]
0x40063a1[67134369, 67134373, 67134377, 67134381, 67134384, 67134386]
0x400648e[67134606, 67134610, 67134614, 67134619, 67134621, 67134624]
0x400648e[67134606, 67134610, 67134614, 67134619, 67134621, 67134624]
0x40064a5[67134629, 67134633, 67134637, 67134641, 67134644, 67134649]
0x40065b9[67134905, 67134909, 67134913, 67134918, 67134923, 67134926]
0x40065b9[67134905, 67134909, 67134913, 67134918, 67134923, 67134926]
0x40065db[67134939, 67134942, 67134945, 67134952, 67134954]
0x40066b6[67135158, 67135162, 67135166, 67135169, 67135172]
0x40066b6[67135158, 67135162, 67135166, 67135169, 67135172]
0x40066c9[67135177, 67135181, 67135185, 67135189, 67135192, 67135194]
0x4006e9f[67137183, 67137184, 67137187, 67137191, 67137195, 67137199, 67137203, 67137207, 67137211, 67137219]
0x4006f0b[67137291, 67137292, 67137293]
0x4006f0b[67137291, 67137292, 67137293]
0x4007557[67138903]
0x4007567[67138919]
0x400758d[67138957]
0x4007592[67138962]
0x4007592[67138962]
0x400a469[67150953, 67150954, 67150957, 67150961, 67150965, 67150969, 67150973, 67150977, 67150986, 67150990, 67150992, 67150997]
0x400a4b7[67151031, 67151035, 67151040]
0x400a4b7[67151031, 67151035, 67151040]
0x400a4d3[67151059, 67151062, 67151064]
0x400a50d[67151117, 67151118]
0x400a50d[67151117, 67151118]
0x400aded[67153389, 67153390, 67153393, 67153397, 67153401, 67153405, 67153409, 67153417, 67153421, 67153424, 67153428]
0x400ae43[67153475, 67153478, 67153480]
0x400ae43[67153475, 67153478, 67153480]
0x400b238[67154488, 67154489, 67154492, 67154496, 67154500, 67154504, 67154508, 67154512, 67154516, 67154521]
0x400b282[67154562, 67154566, 67154571]
0x400b282[67154562, 67154566, 67154571]
0x400b2c1[67154625, 67154628, 67154630]
0x400b2c1[67154625, 67154628, 67154630]
0x400b2df[67154655, 67154658, 67154662, 67154666, 67154670, 67154674, 67154677]
0x400b3a5[67154853, 67154858, 67154859]
0x400b310[67154704, 67154707, 67154711, 67154714, 67154718, 67154721, 67154724]
0x400b3a5[67154853, 67154858, 67154859]
0x400b3a5[67154853, 67154858, 67154859]
0x400c559[67159385, 67159386, 67159389, 67159393, 67159396, 67159400, 67159403, 67159407, 67159410, 67159415, 67159418, 67159421, 67159425, 67159428, 67159431, 67159433, 67159438]
0x400c593[67159443, 67159446, 67159450]
0x400c5ad[67159469, 67159473, 67159478]
0x400c5c8[67159496, 67159498, 67159501, 67159504, 67159506]
0x400c5d7[67159511]
0x400c5dc[67159516, 67159519, 67159522, 67159524, 67159528, 67159529]
