0x4028a4[4204708, 4204712, 4204716, 4204720, 4204724, 4204728, 4204732, 4204736, 4204740, 4204744, 4204748, 4204752]
0x4028a4[4204708, 4204712, 4204716, 4204720, 4204724, 4204728, 4204732, 4204736, 4204740, 4204744, 4204748, 4204752]
0x4028a4[4204708, 4204712, 4204716, 4204720, 4204724, 4204728, 4204732, 4204736, 4204740, 4204744, 4204748, 4204752]
0x4028a4[4204708, 4204712, 4204716, 4204720, 4204724, 4204728, 4204732, 4204736, 4204740, 4204744, 4204748, 4204752]
0x4028a4[4204708, 4204712, 4204716, 4204720, 4204724, 4204728, 4204732, 4204736, 4204740, 4204744, 4204748, 4204752]
0x4028a4[4204708, 4204712, 4204716, 4204720, 4204724, 4204728, 4204732, 4204736, 4204740, 4204744, 4204748, 4204752]
0x4028a4[4204708, 4204712, 4204716, 4204720, 4204724, 4204728, 4204732, 4204736, 4204740, 4204744, 4204748, 4204752]
0x4028a4[4204708, 4204712, 4204716, 4204720, 4204724, 4204728, 4204732, 4204736, 4204740, 4204744, 4204748, 4204752]
0x4028a4[4204708, 4204712, 4204716, 4204720, 4204724, 4204728, 4204732, 4204736, 4204740, 4204744, 4204748, 4204752]
0x4028a4[4204708, 4204712, 4204716, 4204720, 4204724, 4204728, 4204732, 4204736, 4204740, 4204744, 4204748, 4204752]
0x4028a4[4204708, 4204712, 4204716, 4204720, 4204724, 4204728, 4204732, 4204736, 4204740, 4204744, 4204748, 4204752]
0x4028a4[4204708, 4204712, 4204716, 4204720, 4204724, 4204728, 4204732, 4204736, 4204740, 4204744, 4204748, 4204752]
0x4028a4[4204708, 4204712, 4204716, 4204720, 4204724, 4204728, 4204732, 4204736, 4204740, 4204744, 4204748, 4204752]
0x4028a4[4204708, 4204712, 4204716, 4204720, 4204724, 4204728, 4204732, 4204736, 4204740, 4204744, 4204748, 4204752]
0x4028a4[4204708, 4204712, 4204716, 4204720, 4204724, 4204728, 4204732, 4204736, 4204740, 4204744, 4204748, 4204752]
0x4028a4[4204708, 4204712, 4204716, 4204720, 4204724, 4204728, 4204732, 4204736, 4204740, 4204744, 4204748, 4204752]
0x4028a4[4204708, 4204712, 4204716, 4204720, 4204724, 4204728, 4204732, 4204736, 4204740, 4204744, 4204748, 4204752]
0x4028a4[4204708, 4204712, 4204716, 4204720, 4204724, 4204728, 4204732, 4204736, 4204740, 4204744, 4204748, 4204752]
0x4028a4[4204708, 4204712, 4204716, 4204720, 4204724, 4204728, 4204732, 4204736, 4204740, 4204744, 4204748, 4204752]
0x4028a4[4204708, 4204712, 4204716, 4204720, 4204724, 4204728, 4204732, 4204736, 4204740, 4204744, 4204748, 4204752]
