0x401c64[4201572, 4201576, 4201580, 4201584, 4201588]
0x401c64[4201572, 4201576, 4201580, 4201584, 4201588]
0x401c64[4201572, 4201576, 4201580, 4201584, 4201588]
0x401c64[4201572, 4201576, 4201580, 4201584, 4201588]
0x401c64[4201572, 4201576, 4201580, 4201584, 4201588]
0x401c64[4201572, 4201576, 4201580, 4201584, 4201588]
0x402bb4[4205492, 4205496, 4205500, 4205504, 4205508, 4205512, 4205516, 4205520, 4205524, 4205528, 4205532]
0x402bb4[4205492, 4205496, 4205500, 4205504, 4205508, 4205512, 4205516, 4205520, 4205524, 4205528, 4205532]
0x402bb4[4205492, 4205496, 4205500, 4205504, 4205508, 4205512, 4205516, 4205520, 4205524, 4205528, 4205532]
0x402bb4[4205492, 4205496, 4205500, 4205504, 4205508, 4205512, 4205516, 4205520, 4205524, 4205528, 4205532]
0x402bb4[4205492, 4205496, 4205500, 4205504, 4205508, 4205512, 4205516, 4205520, 4205524, 4205528, 4205532]
0x402bb4[4205492, 4205496, 4205500, 4205504, 4205508, 4205512, 4205516, 4205520, 4205524, 4205528, 4205532]
0x402bb4[4205492, 4205496, 4205500, 4205504, 4205508, 4205512, 4205516, 4205520, 4205524, 4205528, 4205532]
0x402bb4[4205492, 4205496, 4205500, 4205504, 4205508, 4205512, 4205516, 4205520, 4205524, 4205528, 4205532]
0x402bb4[4205492, 4205496, 4205500, 4205504, 4205508, 4205512, 4205516, 4205520, 4205524, 4205528, 4205532]
0x402bb4[4205492, 4205496, 4205500, 4205504, 4205508, 4205512, 4205516, 4205520, 4205524, 4205528, 4205532]



0x401c64[4201572, 4201576, 4201580, 4201584, 4201588]
0x401c64[4201572, 4201576, 4201580, 4201584, 4201588]
0x401c64[4201572, 4201576, 4201580, 4201584, 4201588]
0x401c64[4201572, 4201576, 4201580, 4201584, 4201588]
0x401c64[4201572, 4201576, 4201580, 4201584, 4201588]
0x401c64[4201572, 4201576, 4201580, 4201584, 4201588]
0x402bb4[4205492, 4205496, 4205500, 4205504, 4205508, 4205512, 4205516, 4205520, 4205524, 4205528, 4205532]
0x402bb4[4205492, 4205496, 4205500, 4205504, 4205508, 4205512, 4205516, 4205520, 4205524, 4205528, 4205532]
0x402bb4[4205492, 4205496, 4205500, 4205504, 4205508, 4205512, 4205516, 4205520, 4205524, 4205528, 4205532]
0x402bb4[4205492, 4205496, 4205500, 4205504, 4205508, 4205512, 4205516, 4205520, 4205524, 4205528, 4205532]
0x402bb4[4205492, 4205496, 4205500, 4205504, 4205508, 4205512, 4205516, 4205520, 4205524, 4205528, 4205532]
0x402bb4[4205492, 4205496, 4205500, 4205504, 4205508, 4205512, 4205516, 4205520, 4205524, 4205528, 4205532]
0x402bb4[4205492, 4205496, 4205500, 4205504, 4205508, 4205512, 4205516, 4205520, 4205524, 4205528, 4205532]
0x402bb4[4205492, 4205496, 4205500, 4205504, 4205508, 4205512, 4205516, 4205520, 4205524, 4205528, 4205532]
0x402bb4[4205492, 4205496, 4205500, 4205504, 4205508, 4205512, 4205516, 4205520, 4205524, 4205528, 4205532]
0x402bb4[4205492, 4205496, 4205500, 4205504, 4205508, 4205512, 4205516, 4205520, 4205524, 4205528, 4205532]
