0x4002259[67117657, 67117661]
0x4002259[67117657, 67117661]
0x40048b3[67127475, 67127478, 67127485, 67127492, 67127494]
0x400497b[67127675, 67127678, 67127681, 67127688, 67127690]
0x4004b23[67128099, 67128103, 67128110, 67128113]
0x4004c15[67128341, 67128344, 67128347, 67128354, 67128356]
0x4004c62[67128418, 67128421, 67128428, 67128430]
0x4004e00[67128832, 67128835, 67128842, 67128845, 67128847]
0x4005af1[67132145, 67132149]
0x4005b3a[67132218, 67132221, 67132222]
0x4005b3a[67132218, 67132221, 67132222]
0x4005c2b[67132459, 67132464]
0x4005c32[67132466, 67132471]
0x4005e13[67132947, 67132952]
0x4005e0d[67132941, 67132947, 67132952]
0x4005e13[67132947, 67132952]
0x4005e0d[67132941, 67132947, 67132952]
