0x4001dee[67116526, 67116530, 67116532]
0x4001dee[67116526, 67116530, 67116532]
0x4001f97[67116951, 67116958, 67116960]
0x4001f97[67116951, 67116958, 67116960]
0x4001e54[67116628, 67116632, 67116635, 67116637]
0x4001f97[67116951, 67116958, 67116960]
0x4001e54[67116628, 67116632, 67116635, 67116637]
0x4001f97[67116951, 67116958, 67116960]
0x4001dee[67116526, 67116530, 67116532]
0x4001dee[67116526, 67116530, 67116532]
0x4001f97[67116951, 67116958, 67116960]
0x4001f97[67116951, 67116958, 67116960]
0x4001e54[67116628, 67116632, 67116635, 67116637]
0x4001f97[67116951, 67116958, 67116960]
0x4001e54[67116628, 67116632, 67116635, 67116637]
0x4001f97[67116951, 67116958, 67116960]
0x400218b[67117451, 67117455, 67117458, 67117460]
0x400218b[67117451, 67117455, 67117458, 67117460]
0x4002207[67117575, 67117580, 67117582]
0x4002207[67117575, 67117580, 67117582]
0x400220c[67117580, 67117582]
0x400220c[67117580, 67117582]
0x4002772[67118962, 67118965, 67118967]
0x40027df[67119071, 67119075, 67119078, 67119080]
0x40027df[67119071, 67119075, 67119078, 67119080]
0x4002772[67118962, 67118965, 67118967]
0x40024fc[67118332, 67118335, 67118337]
0x400251e[67118366, 67118369, 67118371]
0x4002772[67118962, 67118965, 67118967]
0x4002607[67118599, 67118603, 67118606, 67118608]
0x40024fc[67118332, 67118335, 67118337]
0x400251e[67118366, 67118369, 67118371]
0x4002699[67118745, 67118750, 67118752]
0x4002699[67118745, 67118750, 67118752]
0x4002607[67118599, 67118603, 67118606, 67118608]
0x400269e[67118750, 67118752]
0x400269e[67118750, 67118752]
0x4002d59[67120473, 67120480, 67120482]
0x4002e32[67120690, 67120697, 67120700, 67120702]
0x400559e[67130782, 67130789, 67130791]
0x40056fb[67131131, 67131136, 67131139, 67131142, 67131144]
0x4005700[67131136, 67131139, 67131142, 67131144]
0x400574f[67131215, 67131220, 67131223, 67131226, 67131228]
0x4005754[67131220, 67131223, 67131226, 67131228]
0x40057e7[67131367, 67131372, 67131375, 67131378, 67131380]
0x40057ec[67131372, 67131375, 67131378, 67131380]
0x400597c[67131772, 67131777, 67131780, 67131783, 67131785]
0x4005981[67131777, 67131780, 67131783, 67131785]
0x4005ce2[67132642, 67132645, 67132647]
0x4005dfd[67132925, 67132929, 67132932, 67132934]
0x4005dfd[67132925, 67132929, 67132932, 67132934]
0x4005eed[67133165, 67133168, 67133170]
0x4005eed[67133165, 67133168, 67133170]
