0x4001c00[67116032, 67116036]
0x4001d7d[67116413, 67116417]
0x4001fbe[67116990, 67116994]
0x4001d7d[67116413, 67116417]
0x4001eb0[67116720, 67116724]
0x4001fbe[67116990, 67116994]
0x400200a[67117066, 67117070]
0x4001eb0[67116720, 67116724]
0x400200a[67117066, 67117070]
0x4001e31[67116593, 67116597]
0x4001fbe[67116990, 67116994]
0x4001fbe[67116990, 67116994]
0x4001e31[67116593, 67116597]
0x4001fbe[67116990, 67116994]
0x4001fbe[67116990, 67116994]
0x4001d7d[67116413, 67116417]
0x4001fbe[67116990, 67116994]
0x4001d7d[67116413, 67116417]
0x4001eb0[67116720, 67116724]
0x4001fbe[67116990, 67116994]
0x400200a[67117066, 67117070]
0x4001eb0[67116720, 67116724]
0x400200a[67117066, 67117070]
0x4001e31[67116593, 67116597]
0x4001fbe[67116990, 67116994]
0x4001fbe[67116990, 67116994]
0x4001e31[67116593, 67116597]
0x4001fbe[67116990, 67116994]
0x4001fbe[67116990, 67116994]
0x4002259[67117657, 67117661]
0x40020ae[67117230, 67117233, 67117236]
0x40020b6[67117238, 67117241]
0x40020bb[67117243, 67117248]
0x40020d3[67117267, 67117270]
0x400228d[67117709, 67117712]
0x40020c2[67117250, 67117253]
0x40020d8[67117272, 67117277]
0x4002259[67117657, 67117661]
0x40020c7[67117255, 67117260]
0x40020df[67117279, 67117282]
0x400228d[67117709, 67117712]
0x40020ae[67117230, 67117233, 67117236]
0x40020b6[67117238, 67117241]
0x40020bb[67117243, 67117248]
0x40020d3[67117267, 67117270]
0x40020c2[67117250, 67117253]
0x40020d8[67117272, 67117277]
0x40020c7[67117255, 67117260]
0x40020df[67117279, 67117282]
0x40025f5[67118581, 67118584, 67118587, 67118590, 67118593]
0x40025f5[67118581, 67118584, 67118587, 67118590, 67118593]
0x4002e45[67120709, 67120711, 67120714]
0x4002fea[67121130, 67121134, 67121138, 67121143, 67121150, 67121153]
0x4002fea[67121130, 67121134, 67121138, 67121143, 67121150, 67121153]
0x4002fea[67121130, 67121134, 67121138, 67121143, 67121150, 67121153]
0x4002fea[67121130, 67121134, 67121138, 67121143, 67121150, 67121153]
0x4003267[67121767, 67121771]
0x4003370[67122032, 67122036]
0x400343e[67122238, 67122245]
0x40034d7[67122391, 67122398]
0x40041a9[67125673, 67125680]
0x40036be[67122878, 67122882, 67122885]
0x40041bc[67125692, 67125699]
0x400361a[67122714, 67122721]
0x40041a9[67125673, 67125680]
0x40036be[67122878, 67122882, 67122885]
0x40041bc[67125692, 67125699]
0x400361a[67122714, 67122721]
0x40042e9[67125993, 67126000]
0x4003a9d[67123869, 67123876]
0x4003ac1[67123905, 67123912]
0x4003a9d[67123869, 67123876]
0x4003a02[67123714, 67123721]
0x400385f[67123295, 67123301, 67123304]
0x40042e9[67125993, 67126000]
0x4003a32[67123762, 67123769]
0x4003a9d[67123869, 67123876]
0x400386a[67123306, 67123309]
0x4003a9d[67123869, 67123876]
0x4003ac1[67123905, 67123912]
0x4003a02[67123714, 67123721]
0x400385f[67123295, 67123301, 67123304]
0x4003a32[67123762, 67123769]
0x4003a32[67123762, 67123769]
0x400386a[67123306, 67123309]
0x4003706[67122950, 67122957]
0x4003fba[67125178, 67125185]
0x40042e9[67125993, 67126000]
0x4003a32[67123762, 67123769]
0x4003706[67122950, 67122957]
0x4003fba[67125178, 67125185]
0x40042e9[67125993, 67126000]
0x40037aa[67123114, 67123121]
0x40037aa[67123114, 67123121]
0x4004028[67125288, 67125295]
0x4004028[67125288, 67125295]
0x40038d8[67123416, 67123419, 67123422, 67123425, 67123428]
0x40036be[67122878, 67122882, 67122885]
0x40037aa[67123114, 67123121]
0x40037aa[67123114, 67123121]
0x400343e[67122238, 67122245]
0x40036be[67122878, 67122882, 67122885]
0x40038d8[67123416, 67123419, 67123422, 67123425, 67123428]
0x4003da9[67124649, 67124656]
0x400343e[67122238, 67122245]
0x4003ca8[67124392, 67124399]
0x4003da9[67124649, 67124656]
0x40034d7[67122391, 67122398]
0x4003ca8[67124392, 67124399]
0x4003cd7[67124439, 67124442, 67124445, 67124448, 67124451]
0x4003cd7[67124439, 67124442, 67124445, 67124448, 67124451]
0x40045b7[67126711, 67126714]
0x40045b7[67126711, 67126714]
0x40045b7[67126711, 67126714]
0x4004659[67126873, 67126877]
0x400466a[67126890, 67126893]
0x400466a[67126890, 67126893]
0x400468e[67126926, 67126929]
0x400468e[67126926, 67126929]
0x40054c2[67130562, 67130564, 67130567]
0x40054c2[67130562, 67130564, 67130567]
0x4005ab0[67132080, 67132084]
0x4005b20[67132192, 67132196]
0x4005b20[67132192, 67132196]
0x4005df6[67132918, 67132920, 67132923]
0x4006025[67133477, 67133480, 67133483]
0x400602d[67133485, 67133488]
0x400603c[67133500, 67133503, 67133506]
0x4006032[67133490, 67133493, 67133496]
0x4006059[67133529, 67133532, 67133535]
0x4006061[67133537, 67133540]
0x4006066[67133542, 67133545, 67133548]
0x4006083[67133571, 67133574, 67133577, 67133580]
0x40060a3[67133603, 67133607]
0x40060a9[67133609, 67133613]
0x40060ce[67133646, 67133649]
0x40060d3[67133651, 67133654]
0x40060ed[67133677, 67133680, 67133683, 67133686]
0x400610d[67133709, 67133712, 67133715, 67133718]
0x400612d[67133741, 67133744, 67133747, 67133750]
0x400614d[67133773, 67133776, 67133779, 67133782]
0x400616d[67133805, 67133808, 67133811]
0x4006175[67133813, 67133816]
0x4006184[67133828, 67133831]
0x400617a[67133818, 67133821, 67133824]
0x4006189[67133833, 67133836]
0x400618e[67133838, 67133841, 67133844]
0x40061ab[67133867, 67133870, 67133873]
0x40061b3[67133875, 67133878]
0x40061b8[67133880, 67133883]
0x40061d2[67133906, 67133909, 67133912, 67133915]
0x40061f2[67133938, 67133941, 67133944, 67133947]
0x4006235[67134005, 67134008, 67134011, 67134014]
0x4006254[67134036, 67134039, 67134042, 67134045]
0x400625f[67134047, 67134050, 67134053]
0xacb4[44212, 44216, 44220]
0xacb4[44212, 44216, 44220]
0x4044e8[4211944, 4211948, 4211952, 4211956, 4211960, 4211964, 4211968, 4211972, 4211976, 4211980]
0x4044e8[4211944, 4211948, 4211952, 4211956, 4211960, 4211964, 4211968, 4211972, 4211976, 4211980]
0x401554[4199764, 4199767]
0x40155d[4199773, 4199776]
0x401641[4200001, 4200004, 4200010, 4200013]
0x401568[4199784, 4199789]
0x4015b0[4199856, 4199859]
0x40168e[4200078, 4200085, 4200087, 4200089]
0x401573[4199795, 4199798]
0x4015b5[4199861, 4199866]
0x401554[4199764, 4199767]
0x401578[4199800, 4199805]
0x4015bc[4199868, 4199871]
0x40155d[4199773, 4199776]
0x40168e[4200078, 4200085, 4200087, 4200089]
0x401641[4200001, 4200004, 4200010, 4200013]
0x401568[4199784, 4199789]
0x4015b0[4199856, 4199859]
0x4015ae[4199854, 4199856, 4199859]
0x401573[4199795, 4199798]
0x4015b5[4199861, 4199866]
0x401578[4199800, 4199805]
0x4015bc[4199868, 4199871]
0x4015ae[4199854, 4199856, 4199859]
0x4016f0[4200176, 4200180]
0x401787[4200327, 4200330, 4200334]
0x4016f0[4200176, 4200180]
0x40178a[4200330, 4200334]
0x401787[4200327, 4200330, 4200334]
0x4018d4[4200660, 4200664]
0x40178a[4200330, 4200334]
0x4018d4[4200660, 4200664]
0x401a05[4200965, 4200966, 4200972, 4200976, 4200979]
0x401a05[4200965, 4200966, 4200972, 4200976, 4200979]
0x401cc4[4201668]
0x402024[4202532, 4202536, 4202539, 4202542]
0x402024[4202532, 4202536, 4202539, 4202542]
0x4027e4[4204516, 4204519]
0x402943[4204867, 4204877, 4204880, 4204884, 4204887, 4204892, 4204901, 4204906, 4204908, 4204911, 4204914]
0x402965[4204901, 4204906, 4204908, 4204911, 4204914]
0x4028d8[4204760, 4204764, 4204769, 4204774]
0x402950[4204880, 4204884, 4204887, 4204892, 4204901, 4204906, 4204908, 4204911, 4204914]
0x402965[4204901, 4204906, 4204908, 4204911, 4204914]
0x403aaa[4209322, 4209329]
0x403ab3[4209331, 4209338]
0x403eb0[4210352, 4210353, 4210356]
0x403aaa[4209322, 4209329]
0x403ab3[4209331, 4209338]
0x403aaa[4209322, 4209329]
0x403ab3[4209331, 4209338]
0x403aaa[4209322, 4209329]
0x403ab3[4209331, 4209338]
0x403aaa[4209322, 4209329]
0x403ab3[4209331, 4209338]
0x403aaa[4209322, 4209329]
0x403ab3[4209331, 4209338]
0x403aaa[4209322, 4209329]
0x403ab3[4209331, 4209338]
0x403aaa[4209322, 4209329]
0x403ab3[4209331, 4209338]
0x403aaa[4209322, 4209329]
0x403ab3[4209331, 4209338]
0x404843[4212803, 4212806, 4212809]
0x404843[4212803, 4212806, 4212809]
0x404e82[4214402, 4214404, 4214407, 4214410, 4214412]
0x404e82[4214402, 4214404, 4214407, 4214410, 4214412]
0x404e82[4214402, 4214404, 4214407, 4214410, 4214412]
0xa328[41768, 41772, 41776]
0x4036c4[4208324, 4208328, 4208332, 4208336, 4208340]
0x401554[4199764, 4199767]
0x40155d[4199773, 4199776]
0x401641[4200001, 4200004, 4200010, 4200013]
0x401568[4199784, 4199789]
0x4015b0[4199856, 4199859]
0x40168e[4200078, 4200085, 4200087, 4200089]
0x401573[4199795, 4199798]
0x4015b5[4199861, 4199866]
0x401554[4199764, 4199767]
0x401578[4199800, 4199805]
0x4015bc[4199868, 4199871]
0x40155d[4199773, 4199776]
0x40168e[4200078, 4200085, 4200087, 4200089]
0x401641[4200001, 4200004, 4200010, 4200013]
0x401568[4199784, 4199789]
0x4015b0[4199856, 4199859]
0x4015ae[4199854, 4199856, 4199859]
0x401573[4199795, 4199798]
0x4015b5[4199861, 4199866]
0x401578[4199800, 4199805]
0x4015bc[4199868, 4199871]
0x4015ae[4199854, 4199856, 4199859]
0x4016f0[4200176, 4200180]
0x401787[4200327, 4200330, 4200334]
0x4016f0[4200176, 4200180]
0x40178a[4200330, 4200334]
0x401787[4200327, 4200330, 4200334]
0x4018d4[4200660, 4200664]
0x40178a[4200330, 4200334]
0x4018d4[4200660, 4200664]
0x401a05[4200965, 4200966, 4200972, 4200976, 4200979]
0x401a05[4200965, 4200966, 4200972, 4200976, 4200979]
0x401cc4[4201668]
0x401fa4[4202404, 4202408, 4202411, 4202414]
0x401fa4[4202404, 4202408, 4202411, 4202414]
0x402834[4204596, 4204599]
0x402928[4204840, 4204844, 4204849, 4204854]
0x402b24[4205348, 4205357, 4205360, 4205369, 4205378]
0x402fc0[4206528, 4206533]
0x402fe8[4206568, 4206572, 4206575]
0x403078[4206712, 4206717]
0x402ff5[4206581, 4206584]
0x402fc0[4206528, 4206533]
0x402fe8[4206568, 4206572, 4206575]
0x403078[4206712, 4206717]
0x402db5[4206005, 4206010, 4206013]
0x402ff5[4206581, 4206584]
0x402db5[4206005, 4206010, 4206013]
0x402f44[4206404, 4206409, 4206413]
0x402f44[4206404, 4206409, 4206413]
0x402f44[4206404, 4206409, 4206413]
0x402f44[4206404, 4206409, 4206413]
0x403d60[4210016, 4210017, 4210020]
0x403e1b[4210203, 4210209, 4210212]
0x403e26[4210214, 4210220]
0x403fce[4210638, 4210644, 4210647]
0x403fd9[4210649, 4210655]
0x403fce[4210638, 4210644, 4210647]
0x403fd9[4210649, 4210655]
0x403fce[4210638, 4210644, 4210647]
0x403fd9[4210649, 4210655]
0x404482[4211842, 4211844, 4211849, 4211851, 4211853, 4211854, 4211855, 4211858, 4211865, 4211874, 4211882, 4211884, 4211889, 4211892]
0x4044a2[4211874, 4211882, 4211884, 4211889, 4211892]
0x404527[4212007, 4212013]
0x4046cc[4212428, 4212429, 4212432, 4212437, 4212444, 4212453, 4212461, 4212463, 4212468, 4212471]
0x4046e5[4212453, 4212461, 4212463, 4212468, 4212471]
0x40452f[4212015, 4212021]
0x404527[4212007, 4212013]
0x4046cc[4212428, 4212429, 4212432, 4212437, 4212444, 4212453, 4212461, 4212463, 4212468, 4212471]
0x4046e5[4212453, 4212461, 4212463, 4212468, 4212471]
0x40452f[4212015, 4212021]
0x40476a[4212586, 4212592]
0x404908[4213000, 4213002, 4213007, 4213008, 4213009, 4213016, 4213025, 4213033, 4213035, 4213040, 4213043]
0x404921[4213025, 4213033, 4213035, 4213040, 4213043]
0x40476a[4212586, 4212592]
0x404772[4212594, 4212600]
0x404908[4213000, 4213002, 4213007, 4213008, 4213009, 4213016, 4213025, 4213033, 4213035, 4213040, 4213043]
0x404921[4213025, 4213033, 4213035, 4213040, 4213043]
0x404772[4212594, 4212600]
0x404b29[4213545, 4213547, 4213552, 4213553, 4213554, 4213561, 4213570, 4213578, 4213580, 4213585, 4213589]
0x404b42[4213570, 4213578, 4213580, 4213585, 4213589]
0x404b29[4213545, 4213547, 4213552, 4213553, 4213554, 4213561, 4213570, 4213578, 4213580, 4213585, 4213589]
0x404b42[4213570, 4213578, 4213580, 4213585, 4213589]
0x4055b2[4216242, 4216244, 4216249, 4216251, 4216253, 4216254, 4216255, 4216258, 4216265, 4216274, 4216282, 4216284, 4216289, 4216292]
0x4055d2[4216274, 4216282, 4216284, 4216289, 4216292]
0x4055b2[4216242, 4216244, 4216249, 4216251, 4216253, 4216254, 4216255, 4216258, 4216265, 4216274, 4216282, 4216284, 4216289, 4216292]
0x4055d2[4216274, 4216282, 4216284, 4216289, 4216292]
0x4056a6[4216486, 4216492]
0x4056ae[4216494, 4216500]
0x4056a6[4216486, 4216492]
0x4056ae[4216494, 4216500]
0x4058fd[4217085, 4217091, 4217095]
0x4058fd[4217085, 4217091, 4217095]
0x40590d[4217101, 4217107]
0x40590d[4217101, 4217107]
0x405b70[4217712, 4217718, 4217722]
0x405b70[4217712, 4217718, 4217722]
0x405b80[4217728, 4217734]
0x405b80[4217728, 4217734]
0x4061ee[4219374, 4219380, 4219383]
0x4061ee[4219374, 4219380, 4219383]
0x4061f9[4219385, 4219391]
0x4061f9[4219385, 4219391]
0x4046cc[4212428, 4212429, 4212432, 4212437, 4212444, 4212453, 4212461, 4212463, 4212468, 4212471]
0x4046e5[4212453, 4212461, 4212463, 4212468, 4212471]
0x40476a[4212586, 4212592]
0x404908[4213000, 4213002, 4213007, 4213008, 4213009, 4213016, 4213025, 4213033, 4213035, 4213040, 4213043]
0x404921[4213025, 4213033, 4213035, 4213040, 4213043]
0x404772[4212594, 4212600]
0x40476a[4212586, 4212592]
0x404908[4213000, 4213002, 4213007, 4213008, 4213009, 4213016, 4213025, 4213033, 4213035, 4213040, 4213043]
0x404921[4213025, 4213033, 4213035, 4213040, 4213043]
0x404772[4212594, 4212600]
0x404b29[4213545, 4213547, 4213552, 4213553, 4213554, 4213561, 4213570, 4213578, 4213580, 4213585, 4213589]
0x404b42[4213570, 4213578, 4213580, 4213585, 4213589]
0x404b29[4213545, 4213547, 4213552, 4213553, 4213554, 4213561, 4213570, 4213578, 4213580, 4213585, 4213589]
0x404b42[4213570, 4213578, 4213580, 4213585, 4213589]
0x4055b2[4216242, 4216244, 4216249, 4216251, 4216253, 4216254, 4216255, 4216258, 4216265, 4216274, 4216282, 4216284, 4216289, 4216292]
0x4055d2[4216274, 4216282, 4216284, 4216289, 4216292]
0x4055b2[4216242, 4216244, 4216249, 4216251, 4216253, 4216254, 4216255, 4216258, 4216265, 4216274, 4216282, 4216284, 4216289, 4216292]
0x4055d2[4216274, 4216282, 4216284, 4216289, 4216292]
0x4056a6[4216486, 4216492]
0x4056ae[4216494, 4216500]
0x4056a6[4216486, 4216492]
0x4056ae[4216494, 4216500]
0x4058fd[4217085, 4217091, 4217095]
0x4058fd[4217085, 4217091, 4217095]
0x40590d[4217101, 4217107]
0x40590d[4217101, 4217107]
0x405b70[4217712, 4217718, 4217722]
0x405b70[4217712, 4217718, 4217722]
0x405b80[4217728, 4217734]
0x405b80[4217728, 4217734]
0x4061ee[4219374, 4219380, 4219383]
0x4061ee[4219374, 4219380, 4219383]
0x4061f9[4219385, 4219391]
0x4061f9[4219385, 4219391]
0x404908[4213000, 4213002, 4213007, 4213008, 4213009, 4213016, 4213025, 4213033, 4213035, 4213040, 4213043]
0x404921[4213025, 4213033, 4213035, 4213040, 4213043]
0x404b29[4213545, 4213547, 4213552, 4213553, 4213554, 4213561, 4213570, 4213578, 4213580, 4213585, 4213589]
0x404b42[4213570, 4213578, 4213580, 4213585, 4213589]
0x404b29[4213545, 4213547, 4213552, 4213553, 4213554, 4213561, 4213570, 4213578, 4213580, 4213585, 4213589]
0x404b42[4213570, 4213578, 4213580, 4213585, 4213589]
0x4055b2[4216242, 4216244, 4216249, 4216251, 4216253, 4216254, 4216255, 4216258, 4216265, 4216274, 4216282, 4216284, 4216289, 4216292]
0x4055d2[4216274, 4216282, 4216284, 4216289, 4216292]
0x4055b2[4216242, 4216244, 4216249, 4216251, 4216253, 4216254, 4216255, 4216258, 4216265, 4216274, 4216282, 4216284, 4216289, 4216292]
0x4055d2[4216274, 4216282, 4216284, 4216289, 4216292]
0x4056a6[4216486, 4216492]
0x4056ae[4216494, 4216500]
0x4056a6[4216486, 4216492]
0x4056ae[4216494, 4216500]
0x4058fd[4217085, 4217091, 4217095]
0x4058fd[4217085, 4217091, 4217095]
0x40590d[4217101, 4217107]
0x40590d[4217101, 4217107]
0x405b70[4217712, 4217718, 4217722]
0x405b70[4217712, 4217718, 4217722]
0x405b80[4217728, 4217734]
0x405b80[4217728, 4217734]
0x4061ee[4219374, 4219380, 4219383]
0x4061ee[4219374, 4219380, 4219383]
0x4061f9[4219385, 4219391]
0x4061f9[4219385, 4219391]
0x404b29[4213545, 4213547, 4213552, 4213553, 4213554, 4213561, 4213570, 4213578, 4213580, 4213585, 4213589]
0x404b42[4213570, 4213578, 4213580, 4213585, 4213589]
0x4055b2[4216242, 4216244, 4216249, 4216251, 4216253, 4216254, 4216255, 4216258, 4216265, 4216274, 4216282, 4216284, 4216289, 4216292]
0x4055d2[4216274, 4216282, 4216284, 4216289, 4216292]
0x4055b2[4216242, 4216244, 4216249, 4216251, 4216253, 4216254, 4216255, 4216258, 4216265, 4216274, 4216282, 4216284, 4216289, 4216292]
0x4055d2[4216274, 4216282, 4216284, 4216289, 4216292]
0x4056a6[4216486, 4216492]
0x4056ae[4216494, 4216500]
0x4056a6[4216486, 4216492]
0x4056ae[4216494, 4216500]
0x4058fd[4217085, 4217091, 4217095]
0x4058fd[4217085, 4217091, 4217095]
0x40590d[4217101, 4217107]
0x40590d[4217101, 4217107]
0x405b70[4217712, 4217718, 4217722]
0x405b70[4217712, 4217718, 4217722]
0x405b80[4217728, 4217734]
0x405b80[4217728, 4217734]
0x4061ee[4219374, 4219380, 4219383]
0x4061ee[4219374, 4219380, 4219383]
0x4061f9[4219385, 4219391]
0x4061f9[4219385, 4219391]
0x4055b2[4216242, 4216244, 4216249, 4216251, 4216253, 4216254, 4216255, 4216258, 4216265, 4216274, 4216282, 4216284, 4216289, 4216292]
0x4055d2[4216274, 4216282, 4216284, 4216289, 4216292]
0x4055b2[4216242, 4216244, 4216249, 4216251, 4216253, 4216254, 4216255, 4216258, 4216265, 4216274, 4216282, 4216284, 4216289, 4216292]
0x4055d2[4216274, 4216282, 4216284, 4216289, 4216292]
0x4056a6[4216486, 4216492]
0x4056ae[4216494, 4216500]
0x4056a6[4216486, 4216492]
0x4056ae[4216494, 4216500]
0x4058fd[4217085, 4217091, 4217095]
0x4058fd[4217085, 4217091, 4217095]
0x40590d[4217101, 4217107]
0x40590d[4217101, 4217107]
0x405b70[4217712, 4217718, 4217722]
0x405b70[4217712, 4217718, 4217722]
0x405b80[4217728, 4217734]
0x405b80[4217728, 4217734]
0x4061ee[4219374, 4219380, 4219383]
0x4061ee[4219374, 4219380, 4219383]
0x4061f9[4219385, 4219391]
0x4061f9[4219385, 4219391]
0x4055b2[4216242, 4216244, 4216249, 4216251, 4216253, 4216254, 4216255, 4216258, 4216265, 4216274, 4216282, 4216284, 4216289, 4216292]
0x4055d2[4216274, 4216282, 4216284, 4216289, 4216292]
0x4055b2[4216242, 4216244, 4216249, 4216251, 4216253, 4216254, 4216255, 4216258, 4216265, 4216274, 4216282, 4216284, 4216289, 4216292]
0x4055d2[4216274, 4216282, 4216284, 4216289, 4216292]
0x4056a6[4216486, 4216492]
0x4056ae[4216494, 4216500]
0x4056a6[4216486, 4216492]
0x4056ae[4216494, 4216500]
0x4058fd[4217085, 4217091, 4217095]
0x4058fd[4217085, 4217091, 4217095]
0x40590d[4217101, 4217107]
0x40590d[4217101, 4217107]
0x405b70[4217712, 4217718, 4217722]
0x405b70[4217712, 4217718, 4217722]
0x405b80[4217728, 4217734]
0x405b80[4217728, 4217734]
0x4061ee[4219374, 4219380, 4219383]
0x4061ee[4219374, 4219380, 4219383]
0x4061f9[4219385, 4219391]
0x4061f9[4219385, 4219391]
0x4055b2[4216242, 4216244, 4216249, 4216251, 4216253, 4216254, 4216255, 4216258, 4216265, 4216274, 4216282, 4216284, 4216289, 4216292]
0x4055d2[4216274, 4216282, 4216284, 4216289, 4216292]
0x4055b2[4216242, 4216244, 4216249, 4216251, 4216253, 4216254, 4216255, 4216258, 4216265, 4216274, 4216282, 4216284, 4216289, 4216292]
0x4055d2[4216274, 4216282, 4216284, 4216289, 4216292]
0x4056a6[4216486, 4216492]
0x4056ae[4216494, 4216500]
0x4056a6[4216486, 4216492]
0x4056ae[4216494, 4216500]
0x4058fd[4217085, 4217091, 4217095]
0x4058fd[4217085, 4217091, 4217095]
0x40590d[4217101, 4217107]
0x40590d[4217101, 4217107]
0x405b70[4217712, 4217718, 4217722]
0x405b70[4217712, 4217718, 4217722]
0x405b80[4217728, 4217734]
0x405b80[4217728, 4217734]
0x4061ee[4219374, 4219380, 4219383]
0x4061ee[4219374, 4219380, 4219383]
0x4061f9[4219385, 4219391]
0x4061f9[4219385, 4219391]
0x4055b2[4216242, 4216244, 4216249, 4216251, 4216253, 4216254, 4216255, 4216258, 4216265, 4216274, 4216282, 4216284, 4216289, 4216292]
0x4055d2[4216274, 4216282, 4216284, 4216289, 4216292]
0x4055b2[4216242, 4216244, 4216249, 4216251, 4216253, 4216254, 4216255, 4216258, 4216265, 4216274, 4216282, 4216284, 4216289, 4216292]
0x4055d2[4216274, 4216282, 4216284, 4216289, 4216292]
0x4056a6[4216486, 4216492]
0x4056ae[4216494, 4216500]
0x4056a6[4216486, 4216492]
0x4056ae[4216494, 4216500]
0x4058fd[4217085, 4217091, 4217095]
0x4058fd[4217085, 4217091, 4217095]
0x40590d[4217101, 4217107]
0x40590d[4217101, 4217107]
0x405b70[4217712, 4217718, 4217722]
0x405b70[4217712, 4217718, 4217722]
0x405b80[4217728, 4217734]
0x405b80[4217728, 4217734]
0x4061ee[4219374, 4219380, 4219383]
0x4061ee[4219374, 4219380, 4219383]
0x4061f9[4219385, 4219391]
0x4061f9[4219385, 4219391]
0x4055b2[4216242, 4216244, 4216249, 4216251, 4216253, 4216254, 4216255, 4216258, 4216265, 4216274, 4216282, 4216284, 4216289, 4216292]
0x4055d2[4216274, 4216282, 4216284, 4216289, 4216292]
0x4056a6[4216486, 4216492]
0x4056ae[4216494, 4216500]
0x4056a6[4216486, 4216492]
0x4056ae[4216494, 4216500]
0x4058fd[4217085, 4217091, 4217095]
0x4058fd[4217085, 4217091, 4217095]
0x40590d[4217101, 4217107]
0x40590d[4217101, 4217107]
0x405b70[4217712, 4217718, 4217722]
0x405b70[4217712, 4217718, 4217722]
0x405b80[4217728, 4217734]
0x405b80[4217728, 4217734]
0x4061ee[4219374, 4219380, 4219383]
0x4061ee[4219374, 4219380, 4219383]
0x4061f9[4219385, 4219391]
0x4061f9[4219385, 4219391]
0x4058fd[4217085, 4217091, 4217095]
0x40590d[4217101, 4217107]
0x405b70[4217712, 4217718, 4217722]
0x405b80[4217728, 4217734]
0x405b70[4217712, 4217718, 4217722]
0x405b80[4217728, 4217734]
0x4061ee[4219374, 4219380, 4219383]
0x4061f9[4219385, 4219391]
0x4061ee[4219374, 4219380, 4219383]
0x4061f9[4219385, 4219391]
0x405b70[4217712, 4217718, 4217722]
0x405b80[4217728, 4217734]
0x4061ee[4219374, 4219380, 4219383]
0x4061f9[4219385, 4219391]
0x4061ee[4219374, 4219380, 4219383]
0x4061f9[4219385, 4219391]
0x4061ee[4219374, 4219380, 4219383]
0x4061f9[4219385, 4219391]
0x4061ee[4219374, 4219380, 4219383]
0x4061f9[4219385, 4219391]
0x4061ee[4219374, 4219380, 4219383]
0x4061f9[4219385, 4219391]
0x4061ee[4219374, 4219380, 4219383]
0x4061f9[4219385, 4219391]
0x4061ee[4219374, 4219380, 4219383]
0x4061f9[4219385, 4219391]
0x40653b[4220219, 4220225, 4220228]
0x406546[4220230, 4220236]
0x406c94[4222100, 4222103, 4222106]
0x406d9f[4222367, 4222371]
0x406dc2[4222402, 4222406]
0x406de5[4222437, 4222441]
0x406e08[4222472, 4222476]
0x406f20[4222752, 4222758]
0x406e2b[4222507, 4222511]
0x406f20[4222752, 4222758]
0x407110[4223248, 4223254]
0x407722[4224802, 4224804, 4224807, 4224810, 4224812]
0x407722[4224802, 4224804, 4224807, 4224810, 4224812]
0x407722[4224802, 4224804, 4224807, 4224810, 4224812]
0xa35c[41820, 41824, 41828]
0x4036d4[4208340, 4208344, 4208348, 4208352, 4208356]
0x406820[4220960, 4220964, 4220968]
