0x40014dc[67114204, 67114211, 67114214]
0x4001845[67115077, 67115078, 67115081, 67115085, 67115086, 67115087, 67115094, 67115101, 67115108]
0x4001887[67115143, 67115150, 67115153]
0x40018d8[67115224, 67115231, 67115234]
0x40018d8[67115224, 67115231, 67115234]
0x4001a91[67115665, 67115668, 67115671]
0x4001ac0[67115712, 67115716, 67115719]
0x4001ac0[67115712, 67115716, 67115719]
0x4001a91[67115665, 67115668, 67115671]
0x4001a91[67115665, 67115668, 67115671]
0x4001bda[67115994, 67116003]
0x4001bda[67115994, 67116003]
0x400201e[67117086, 67117095]
0x400201e[67117086, 67117095]
0x400201e[67117086, 67117095]
0x400201e[67117086, 67117095]
0x400201e[67117086, 67117095]
0x400201e[67117086, 67117095]
0x400201e[67117086, 67117095]
0x40022cc[67117772, 67117781]
0x40022cc[67117772, 67117781]
0x40022f9[67117817, 67117824, 67117827]
0x40023d1[67118033, 67118040, 67118043]
0x4002425[67118117, 67118124, 67118127]
0x40027f9[67119097, 67119106]
0x40027f9[67119097, 67119106]
0x4002848[67119176, 67119179, 67119182]
0x40028df[67119327, 67119334, 67119337]
0x40028eb[67119339, 67119346, 67119349]
0x4002848[67119176, 67119179, 67119182]
0x40028df[67119327, 67119334, 67119337]
0x40028eb[67119339, 67119346, 67119349]
0x400293a[67119418, 67119425, 67119428]
0x4002946[67119430, 67119437, 67119440]
0x4002952[67119442, 67119449, 67119452]
0x4002999[67119513, 67119520, 67119523]
0x40029a5[67119525, 67119532, 67119535]
0x40029e9[67119593, 67119600, 67119603]
0x4002a78[67119736, 67119743, 67119746]
0x4002ab0[67119792, 67119799, 67119802]
0x4002a78[67119736, 67119743, 67119746]
0x4002ab0[67119792, 67119799, 67119802]
0x4002b66[67119974, 67119981, 67119984]
0x4002e60[67120736, 67120743, 67120746]
0x4002e60[67120736, 67120743, 67120746]
0x40032bb[67121851, 67121860]
0x40032bb[67121851, 67121860]
0x4004993[67127699, 67127708]
0x40049f5[67127797, 67127806]
0x4004afc[67128060, 67128069]
0x4004c2d[67128365, 67128374]
0x4004d1d[67128605, 67128614]
0x400543d[67130429, 67130432, 67130435]
0x400543d[67130429, 67130432, 67130435]
0x400543d[67130429, 67130432, 67130435]
0x4005523[67130659, 67130664, 67130667]
0x400555e[67130718, 67130727]
0x4005523[67130659, 67130664, 67130667]
0x400555e[67130718, 67130727]
0x4005523[67130659, 67130664, 67130667]
0x4005523[67130659, 67130664, 67130667]
0x400563e[67130942, 67130951]
0x400563e[67130942, 67130951]
0x40056f1[67131121, 67131126, 67131129]
0x40056f6[67131126, 67131129]
0x4005745[67131205, 67131210, 67131213]
0x400574a[67131210, 67131213]
0x40057dd[67131357, 67131362, 67131365]
0x40057e2[67131362, 67131365]
0x4005972[67131762, 67131767, 67131770]
0x4005977[67131767, 67131770]
0x4005bff[67132415, 67132419, 67132422]
0x4005d0c[67132684, 67132693]
0x4005d0c[67132684, 67132693]
0x4005d0c[67132684, 67132693]
0x4005dae[67132846, 67132849, 67132852, 67132855, 67132859, 67132862]
0x4005eaf[67133103, 67133112]
0x4005eaf[67133103, 67133112]
0x4005eaf[67133103, 67133112]
0x4005eaf[67133103, 67133112]
0x40062a1[67134113, 67134116]
0x40014dc[67114204, 67114211, 67114214]
0x4001845[67115077, 67115078, 67115081, 67115085, 67115086, 67115087, 67115094, 67115101, 67115108]
0x4001887[67115143, 67115150, 67115153]
0x40018d8[67115224, 67115231, 67115234]
0x40018d8[67115224, 67115231, 67115234]
0x4001a91[67115665, 67115668, 67115671]
0x4001ac0[67115712, 67115716, 67115719]
0x4001ac0[67115712, 67115716, 67115719]
0x4001a91[67115665, 67115668, 67115671]
0x4001a91[67115665, 67115668, 67115671]
0x4001bda[67115994, 67116003]
0x4001bda[67115994, 67116003]
0x400201e[67117086, 67117095]
