00 00 00 00 00 00 00 00 
00 00 00 00 00 00 00 01 
00 00 00 00 00 00 00 06 
00 00 00 00 00 00 00 08 
00 00 00 00 00 00 00 09 
00 00 00 00 00 00 00 0a 
00 00 00 00 00 00 00 1f 
00 00 00 00 00 00 00 30 
00 00 00 00 00 00 00 4b 
00 00 00 00 00 00 00 63 
00 00 00 00 00 00 00 67 
00 00 00 00 00 00 00 70 
00 00 00 00 00 00 00 73 
00 00 00 00 00 00 00 74 
00 00 00 00 00 00 00 75 
00 00 00 00 00 00 00 bb 
00 00 00 00 ff ff ff 7d 
00 00 00 00 ff ff ff 7e 
00 00 00 00 ff ff ff ff 
00 00 00 3b d7 0a 3d a5 
00 00 00 00 00 00 00 00 
00 00 00 00 00 00 00 01 
00 00 00 00 00 00 00 02 
00 00 00 00 00 00 00 46 
00 00 00 00 00 00 00 4b 
00 00 00 00 00 00 00 06 
00 00 00 00 00 00 00 00 
00 00 00 00 00 00 36 c9 
00 00 00 00 00 00 00 46 
00 00 00 00 00 00 09 c4 
00 00 00 00 00 00 00 4b 
00 00 00 00 00 00 00 08 
00 00 00 00 00 00 00 01 
00 00 00 00 00 00 00 04 
00 00 00 00 00 00 00 03 
