00 00 00 00 00 00 00 00 
00 00 00 00 00 00 00 01 
00 00 00 00 00 00 00 0c 
00 00 00 00 00 00 00 22 
00 00 00 00 00 00 00 3f 
00 00 00 00 00 00 00 80 
00 00 00 00 00 00 04 00 
00 00 00 00 00 00 20 00 
3f ff ff ff ff ff ff ff 
7f ff ff ff ff ff ff fe 
7f ff ff ff ff ff ff ff 
00 00 00 00 00 00 00 00 
00 00 00 00 00 00 00 0c 
00 00 00 00 00 00 00 80 
00 00 00 00 00 00 01 00 
00 00 00 00 00 00 04 00 
00 00 00 00 00 00 04 01 
00 00 00 00 00 00 20 00 
00 00 00 00 00 00 00 80 
00 00 00 00 00 00 00 00 
