00 00 00 00 00 00 00 00 
00 00 00 00 00 00 00 01 
00 00 00 00 00 00 00 02 
00 00 00 00 00 00 00 11 
00 00 00 00 00 00 00 1c 
00 00 00 00 00 00 00 1e 
00 00 00 00 00 00 00 1f 
00 00 00 00 00 00 00 24 
00 00 00 00 00 00 00 7a 
00 00 00 00 00 00 01 00 
00 00 00 00 00 00 04 00 
00 00 00 00 00 00 40 00 
00 00 00 00 00 00 f0 00 
00 00 00 00 00 00 00 00 
00 00 00 00 00 00 00 01 
00 00 00 00 00 00 01 00 
00 00 00 00 00 00 01 00 
00 00 00 00 00 00 00 04 
00 00 00 00 00 00 00 01 
00 00 00 00 00 00 00 00 
00 00 00 00 00 00 00 03 
00 00 00 00 00 00 00 02 
00 00 00 00 00 00 00 00 
00 00 00 00 00 00 00 01 
00 00 00 00 00 00 00 3d 
00 00 00 00 00 00 04 00 
