00 00 00 00 00 00 00 00 
00 00 00 00 00 00 00 01 
00 00 00 00 00 00 00 08 
00 00 00 00 00 00 00 0a 
00 00 00 00 00 00 00 10 
00 00 00 00 00 00 00 2d 
00 00 00 00 00 00 00 65 
00 00 00 00 00 00 00 69 
00 00 00 00 00 00 00 6e 
00 00 00 00 00 00 00 6f 
00 00 00 00 00 00 00 72 
00 00 00 00 00 00 00 7a 
00 00 00 00 00 00 00 80 
00 00 00 00 00 80 00 00 
00 00 00 00 ff ff ff 7d 
00 00 00 00 ff ff ff 7e 
00 00 00 00 ff ff ff ff 
ff ff ff ff ff ff ff ff 
00 00 00 00 00 00 00 00 
00 00 00 00 00 00 00 01 
00 00 00 00 00 00 00 02 
00 00 00 00 00 00 00 0a 
00 00 00 00 00 00 00 2d 
00 00 00 00 00 00 00 06 
00 00 00 00 00 00 00 00 
00 00 00 00 00 00 00 08 
00 00 00 00 00 00 00 0a 
00 00 00 00 00 00 00 01 
00 00 00 00 00 00 00 2d 
00 00 00 00 00 00 00 02 
00 00 00 00 00 00 00 03 
