5850
5897
5897
6485
6485
6819
6819
6959
6959
7107
7107
7780
7780
7802
7802
7824
7824
8066
8066
8197
8197
8302
8302
8380
8380
8481
8481
8719
8719
8797
8797
8829
8829
8868
8868
9006
9006
9060
9060
9154
9154
9342
9342
9529
9529
10399
13599
13763
13763
13813
13813
14115
14115
14302
14302
14929
14929
14974
14974
15020
15020
15051
15051
15090
15090
15190
15190
15288
15288
15324
15324
15368
15368
15551
15551
15593
15593
15624
15624
15666
15666
15856
15856
15910
15910
16096
16096
16143
16143
16201
16201
16247
16247
16286
16286
16327
16327
16358
16358
17840
17840
17951
17951
18209
18209
18433
18433
18563
18563
18643
18643
18737
18737
18955
18955
18981
18981
19034
19034
19131
19131
19173
19173
19204
19204
19301
19301
19353
19353
19398
19398
19455
19455
19512
19512
19678
19678
19798
19798
19937
19937
20097
20097
20165
20165
20201
20201
20381
20381
20423
20423
20446
20446
20630
20630
20682
20682
20757
20757
20943
20943
20995
20995
21037
21037
21069
21069
21105
21105
21143
21143
21175
21175
21207
21207
21239
21239
21271
21271
21333
21333
21372
21372
21404
21404
21471
21471
21502
21502
21533
