6522
6592
6592
6639
6639
7227
7227
7325
7325
7655
7655
7820
7820
8043
8043
8179
8179
9702
9702
12034
12034
12056
12056
12078
12078
12320
12320
12369
12369
12428
12428
12557
12557
12795
12795
12873
12873
12905
12905
12944
12944
13082
13082
13136
13136
13230
13230
13418
13418
13605
13605
14475
17675
17839
17839
17889
17889
18191
18191
18378
18378
19005
19005
19050
19050
19096
19096
19127
19127
19166
19166
19266
19266
19364
19364
19400
19400
19444
19444
19627
19627
19669
19669
19700
19700
19742
19742
19932
19932
19986
19986
20172
20172
20219
20219
20277
20277
20323
20323
20362
20362
20403
20403
20434
20434
20546
20546
20658
20658
22140
22140
22251
22251
22509
22509
22733
22733
22863
22863
22943
22943
23037
23037
23255
23255
23281
23281
23334
23334
23431
23431
23473
23473
23504
23504
23601
23601
23653
23653
23698
23698
23755
23755
23762
23762
23803
23803
23969
23969
23986
23986
24017
24017
24137
24137
24276
24276
24436
24436
24504
24504
24540
24540
24720
24720
24762
24762
24785
24785
24969
24969
25021
25021
25096
25096
25282
25282
25334
25334
25376
25376
25408
25408
25444
25444
25482
25482
25514
25514
25546
25546
25578
25578
25610
25610
25672
25672
25711
25711
25743
25743
25810
25810
25841
25841
25872
