7338
7926
7926
8198
8198
8593
8593
10326
10326
10583
10583
10975
10975
12515
12515
12557
12557
12599
12599
12621
12621
12643
12643
12885
12885
13056
13056
13514
13514
13554
13554
13566
13566
13658
13658
14761
14761
14870
14870
15277
15277
15515
15515
15593
15593
15625
15625
15664
15664
15802
15802
15856
15856
15950
15950
16138
16138
16325
16325
17195
20395
20559
20559
20609
20609
20911
20911
21098
21098
21725
21725
21770
21770
21816
21816
21847
21847
21886
21886
21986
21986
22084
22084
22120
22120
22164
22164
22347
22347
22389
22389
22420
22420
22462
22462
22652
22652
22706
22706
22892
22892
22939
22939
22997
22997
23043
23043
23082
23082
23123
23123
23154
23154
23284
23284
24766
24766
24877
24877
25135
25135
25359
25359
25489
25489
25569
25569
25663
25663
25881
25881
25907
25907
25960
25960
26057
26057
26099
26099
26130
26130
26227
26227
26279
26279
26324
26324
26381
26381
26491
26491
26589
26589
26632
26632
27094
27094
27179
27179
27221
27221
27383
27383
27653
27653
27958
27958
28036
28036
28103
28103
28171
28171
28311
28311
28481
28481
28597
28597
29569
29569
29756
29756
30152
30152
30201
30201
30251
30251
30746
30746
30818
30818
30938
30938
32730
32730
32817
32817
33228
33228
33319
33319
33455
33455
35944
35944
36425
36425
36490
36490
36852
36852
37030
37030
37090
37090
37295
37295
37571
37571
37657
37657
38373
38373
38539
38539
38659
38659
38798
38798
38826
38826
38860
38860
39078
39078
39390
39390
39550
39550
39568
39568
39586
39586
39604
39604
39730
39730
39884
39884
40173
40173
40260
40260
40407
40407
40499
40499
40653
40653
40809
40809
40957
40957
41043
41043
41151
41151
41222
41222
41304
41304
41359
41359
41384
41384
41643
41643
41908
41908
42280
42280
42543
42543
42842
42842
42917
42917
42971
42971
43376
43376
43840
43840
44391
44391
45220
45220
45328
45328
46050
46050
46139
46139
46157
46157
46293
46293
46423
46423
46491
46491
46805
46805
46950
46950
46986
46986
47166
47166
47208
47208
47231
47231
47311
47311
47495
47495
48345
48345
48390
48390
48648
48648
48700
48700
48775
48775
48961
48961
48989
48989
49017
49017
49041
49041
49065
49065
49120
49120
49175
49175
49225
49225
49275
49275
49324
49324
49373
49373
49425
49425
49467
49467
49499
49499
49535
49535
49573
49573
49605
49605
49637
49637
49669
49669
49701
49701
49763
49763
49802
49802
49834
49834
49901
49901
49932
49932
49963
49963
50001
