8090
8678
8678
9235
9235
11004
11004
11085
11085
11132
11132
11236
11236
11340
11340
11522
11522
12075
12075
12711
12711
15603
15603
15960
15960
16009
16009
16058
16058
16080
16080
16102
16102
16344
16344
16477
16477
16715
16715
16793
16793
16825
16825
16864
16864
17002
17002
17056
17056
17150
17150
17338
17338
17525
17525
18395
21595
21759
21759
21809
21809
22111
22111
22298
22298
22925
22925
22970
22970
23016
23016
23047
23047
23086
23086
23186
23186
23284
23284
23320
23320
23364
23364
23547
23547
23589
23589
23620
23620
23662
23662
23852
23852
23906
23906
24092
24092
24139
24139
24197
24197
24243
24243
24282
24282
24323
24323
24354
24354
24484
24484
25458
25458
25669
25669
27151
27151
27262
27262
27520
27520
27744
27744
27874
27874
27954
27954
28048
28048
28266
28266
28292
28292
28345
28345
28442
28442
28484
28484
28515
28515
28612
28612
28664
28664
28709
28709
28766
28766
28876
28876
28974
28974
29069
29069
29134
29134
30233
30233
30318
30318
30360
30360
30522
30522
30792
30792
31097
31097
31175
31175
31242
31242
31310
31310
31450
31450
31620
31620
31736
31736
32708
32708
32895
32895
33291
33291
33340
33340
33390
33390
33885
33885
33957
33957
34077
34077
35869
35869
35956
35956
36367
36367
36458
36458
36594
36594
39083
39083
39564
39564
39629
39629
39991
39991
40169
40169
40229
40229
40434
40434
40710
40710
40796
40796
41512
41512
41678
41678
41798
41798
41937
41937
41965
41965
41999
41999
42217
42217
42529
42529
42689
42689
42707
42707
42725
42725
42743
42743
42869
42869
43023
43023
43312
43312
43399
43399
43546
43546
43638
43638
43792
43792
43948
43948
44096
44096
44182
44182
44290
44290
44361
44361
44443
44443
44498
44498
44523
44523
44782
44782
45047
45047
45419
45419
45682
45682
45981
45981
46056
46056
46110
46110
46515
46515
46979
46979
47530
47530
48359
48359
48467
48467
49189
49189
49278
49278
49296
49296
49432
49432
49562
49562
49630
49630
49944
49944
50089
50089
50125
50125
50305
50305
50347
50347
50370
50370
50450
50450
50634
50634
51484
51484
51529
51529
51787
51787
51839
51839
51914
51914
52100
52100
52128
52128
52156
52156
52180
52180
52204
52204
52259
52259
52314
52314
52364
52364
52414
52414
52463
52463
52512
52512
52564
52564
52606
52606
52638
52638
52674
52674
52712
52712
52744
52744
52776
52776
52808
52808
52840
52840
52902
52902
52941
52941
52973
52973
53040
53040
53071
53071
53102
53102
53140
