[3, 3, 1.0]
[22, 22, 1.0]
[19, 19, 1.0]
[9, 9, 1.0]
[11, 11, 1.0]
[41, 40, 0.975609756097561]     可到1(8)
[1, 1, 1.0]
[1, 1, 1.0]
[18, 17, 0.9444444444444444]    从不可到的基本块上一块开始执行可以遍历以前未遍历基本块
[9, 9, 1.0]
[8, 8, 1.0]
[5, 5, 1.0]
[4, 4, 1.0]
[12, 12, 1.0]
[6, 6, 1.0]
[3, 3, 1.0]
[3, 3, 1.0]
[3, 3, 1.0]
[2, 2, 1.0]
[5, 5, 1.0]
[5, 5, 1.0]
[17, 17, 1.0]
[36, 36, 1.0]
[6, 6, 1.0]
[2, 2, 1.0]
[9, 9, 1.0]
[8, 8, 1.0]
[19, 19, 1.0]
[2, 2, 1.0]
[2, 2, 1.0]
[2, 2, 1.0]
[2, 2, 1.0]
[5, 5, 1.0]
[5, 5, 1.0]
[2, 2, 1.0]
[2, 2, 1.0]
[5, 5, 1.0]
[2, 2, 1.0]
[2, 2, 1.0]
[2, 2, 1.0]
[6, 6, 1.0]
[2, 2, 1.0]
[5, 5, 1.0]
[2, 2, 1.0]
[2, 2, 1.0]
[2, 2, 1.0]
[2, 2, 1.0]
[2, 2, 1.0]
[2, 2, 1.0]
[43, 43, 1.0]
[4, 4, 1.0]
[9, 9, 1.0]
[5, 5, 1.0]
[8, 8, 1.0]
[6, 6, 1.0]
[6, 6, 1.0]
[10, 10, 1.0]
[2, 2, 1.0]
[5, 5, 1.0]
[9, 9, 1.0]
[2, 2, 1.0]
[2, 2, 1.0]
[7, 7, 1.0]
[3, 3, 1.0]
[3, 3, 1.0]
[3, 3, 1.0]
[4, 4, 1.0]
[10, 10, 1.0]
[8, 8, 1.0]
[12, 12, 1.0]
[11, 11, 1.0]
[4, 4, 1.0]
[2, 2, 1.0]
[11, 11, 1.0]
[2, 2, 1.0]
[2, 2, 1.0]
[16, 16, 1.0]
[3, 3, 1.0]
[8, 8, 1.0]
[10, 10, 1.0]
[7, 7, 1.0]
[5, 5, 1.0]
[3, 3, 1.0]
[4, 4, 1.0]
[5, 5, 1.0]
[3, 3, 1.0]
[3, 3, 1.0]
[3, 3, 1.0]
[3, 3, 1.0]
[9, 9, 1.0]
[5, 5, 1.0]
[3, 3, 1.0]
[4, 4, 1.0]
[3, 3, 1.0]
[3, 3, 1.0]
