[1, 1, 1.0]
[3, 3, 1.0]
[3, 3, 1.0]
[22, 22, 1.0]
[30, 30, 1.0]
[2, 2, 1.0]
[1, 1, 1.0]
[1, 1, 1.0]
[21, 21, 1.0]
[72, 72, 1.0]
[5, 5, 1.0]
[28, 28, 1.0]
[86, 80, 0.9302325581395349]        (8)0.9767441860465116   从不可到的基本块上一块开始执行可以遍历以前未遍历基本块
[1, 1, 1.0]
[3, 3, 1.0]
[3, 3, 1.0]
[11, 11, 1.0]
[102, 80, 0.7843137254901961]       (8)0.9803921568627451   从不可到的基本块上一块开始执行可以遍历以前未遍历基本块
[2, 2, 1.0]
[1, 1, 1.0]
[1, 1, 1.0]
[18, 17, 0.9444444444444444]        从不可到的基本块上一块开始执行可以遍历以前未遍历基本块     jump
[2, 2, 1.0]
[4, 4, 1.0]
[53, 46, 0.8679245283018868]        可到1(8)
[19, 19, 1.0]
[12, 12, 1.0]
[6, 6, 1.0]
[3, 3, 1.0]
[3, 3, 1.0]
[3, 3, 1.0]
[2, 2, 1.0]
[5, 5, 1.0]
[5, 5, 1.0]
[17, 17, 1.0]
[36, 36, 1.0]
[6, 6, 1.0]
[2, 2, 1.0]
[9, 9, 1.0]
[8, 8, 1.0]
[19, 19, 1.0]
[2, 2, 1.0]
[2, 2, 1.0]
[2, 2, 1.0]
[2, 2, 1.0]
[5, 5, 1.0]
[5, 5, 1.0]
[2, 2, 1.0]
[2, 2, 1.0]
[5, 5, 1.0]
[2, 2, 1.0]
[2, 2, 1.0]
[2, 2, 1.0]
[6, 6, 1.0]
[2, 2, 1.0]
[5, 5, 1.0]
[2, 2, 1.0]
[2, 2, 1.0]
[2, 2, 1.0]
[2, 2, 1.0]
[2, 2, 1.0]
[2, 2, 1.0]
[43, 43, 1.0]
[4, 4, 1.0]
[9, 9, 1.0]
[5, 5, 1.0]
[8, 8, 1.0]
[6, 6, 1.0]
[6, 6, 1.0]
[10, 10, 1.0]
[2, 2, 1.0]
[5, 5, 1.0]
[9, 9, 1.0]
[2, 2, 1.0]
[2, 2, 1.0]
[7, 7, 1.0]
[3, 3, 1.0]
[3, 3, 1.0]
[3, 3, 1.0]
[4, 4, 1.0]
[16, 16, 1.0]
[3, 3, 1.0]
[8, 8, 1.0]
[5, 5, 1.0]
[10, 10, 1.0]
[10, 10, 1.0]
[8, 8, 1.0]
[12, 12, 1.0]
[1, 1, 1.0]
[34, 34, 1.0]
[11, 11, 1.0]
[4, 4, 1.0]
[2, 2, 1.0]
[11, 11, 1.0]
[2, 2, 1.0]
[2, 2, 1.0]
[5, 5, 1.0]
[7, 7, 1.0]
[5, 5, 1.0]
[3, 3, 1.0]
[4, 4, 1.0]
[5, 5, 1.0]
[3, 3, 1.0]
[3, 3, 1.0]
[3, 3, 1.0]
[3, 3, 1.0]
[9, 9, 1.0]
[5, 5, 1.0]
[3, 3, 1.0]
[4, 4, 1.0]
[3, 3, 1.0]
[3, 3, 1.0]
