7162
7177
7177
7224
7224
7271
7271
7859
7859
8297
8297
8367
8367
8394
8394
8421
8421
8722
8722
9876
9876
9928
9928
10326
10326
11620
11620
11635
11635
11782
11782
11843
11843
12177
12177
13975
13975
14030
14030
14052
14052
14074
14074
14316
14316
14365
14365
14424
14424
15495
15495
15943
15943
16181
16181
16259
16259
16291
16291
16330
16330
16468
16468
16522
16522
16616
16616
16804
16804
16991
16991
17861
21061
21225
21225
21275
21275
21577
21577
21764
21764
22391
22391
22436
22436
22482
22482
22513
22513
22552
22552
22652
22652
22750
22750
22786
22786
22830
22830
23013
23013
23055
23055
23086
23086
23128
23128
23318
23318
23372
23372
23558
23558
23605
23605
23663
23663
23709
23709
23748
23748
23789
23789
23820
23820
25302
25302
25413
25413
25671
25671
25895
25895
26025
26025
26105
26105
26199
26199
26417
26417
26443
26443
26496
26496
26593
26593
26635
26635
26666
26666
26763
26763
26815
26815
26860
26860
26917
26917
26974
26974
27158
27158
27210
27210
27285
27285
27389
27389
27575
27575
27741
27741
27861
27861
28000
28000
28038
28038
28611
28611
28771
28771
28839
28839
28875
28875
29055
29055
29097
29097
29120
29120
29230
29230
29282
29282
29324
29324
29356
29356
29392
29392
29430
29430
29462
29462
29494
29494
29526
29526
29558
29558
29620
29620
29659
29659
29691
29691
29758
29758
29789
29789
29820
