00 00 00 00 00 00 00 00 
00 00 00 00 00 00 00 01 
00 00 00 00 00 00 00 02 
00 00 00 00 00 00 00 03 
00 00 00 00 00 00 00 08 
00 00 00 00 00 00 00 3f 
00 00 00 00 00 00 00 80 
00 00 00 00 00 00 00 ff 
00 00 00 00 00 00 20 00 
00 00 00 00 00 00 00 00 
00 00 00 00 00 00 00 01 
00 00 00 00 00 00 00 1f 
00 00 00 00 00 00 00 21 
00 00 00 00 00 00 00 22 
00 00 00 00 00 00 00 24 
00 00 00 00 00 00 00 45 
00 00 00 00 00 00 00 80 
00 00 00 00 00 00 00 81 
00 00 00 00 00 00 00 82 
00 00 00 00 00 00 00 02 
00 00 00 00 00 00 00 00 
00 00 00 00 00 00 00 03 
00 00 00 00 00 00 00 00 
00 00 00 00 00 00 00 08 
00 00 00 00 00 00 00 1f 
00 00 00 00 00 00 00 21 
00 00 00 00 00 00 00 01 
00 00 00 00 00 00 00 24 
00 00 00 00 00 00 00 80 
00 00 00 00 00 00 00 81 
