00 00 00 00 00 00 00 00 
00 00 00 00 00 00 00 01 
00 00 00 00 00 00 00 02 
00 00 00 00 00 00 00 03 
00 00 00 00 00 00 00 04 
00 00 00 00 00 00 00 08 
00 00 00 00 00 00 00 0c 
00 00 00 00 00 00 00 0f 
00 00 00 00 00 00 00 10 
00 00 00 00 00 00 00 18 
00 00 00 00 00 00 00 2d 
00 00 00 00 00 00 00 3f 
00 00 00 00 00 00 00 46 
00 00 00 00 00 00 00 54 
00 00 00 00 00 00 00 55 
00 00 00 00 00 00 00 66 
00 00 00 00 00 00 00 74 
00 00 00 00 00 00 00 75 
00 00 00 00 ff ff ff 80 
00 00 00 00 ff ff ff f7 
00 00 00 00 ff ff ff ff 
00 00 00 00 00 00 00 00 
00 00 00 00 00 00 00 01 
00 00 00 00 00 00 00 02 
00 00 00 00 00 00 00 08 
00 00 00 00 00 00 00 0f 
00 00 00 00 00 00 00 10 
00 00 00 00 00 00 00 18 
00 00 00 00 00 00 00 e8 
00 00 00 00 00 00 00 00 
00 00 00 00 00 00 00 0f 
00 00 00 00 00 00 00 01 
00 00 00 00 00 00 00 18 
00 00 00 00 00 00 00 0e 
00 00 00 00 00 00 00 04 
00 00 00 00 00 00 00 03 
00 00 00 00 00 00 00 20 
