00 00 00 00 00 00 00 00 
00 00 00 00 00 00 00 01 
00 00 00 00 00 00 00 02 
00 00 00 00 00 00 00 03 
00 00 00 00 00 00 00 04 
00 00 00 00 00 00 00 08 
00 00 00 00 00 00 00 0a 
00 00 00 00 00 00 00 10 
00 00 00 00 00 00 00 41 
00 00 00 00 00 00 00 46 
00 00 00 00 00 00 00 47 
00 00 00 00 00 00 00 4d 
00 00 00 00 00 00 00 4f 
00 00 00 00 00 00 00 52 
00 00 00 00 00 00 00 53 
00 00 00 00 00 00 00 54 
00 00 00 00 00 00 00 57 
00 00 00 00 00 00 00 62 
00 00 00 00 00 00 00 66 
00 00 00 00 00 00 00 67 
00 00 00 00 00 00 00 69 
00 00 00 00 00 00 00 6f 
00 00 00 00 00 00 00 72 
00 00 00 00 00 00 00 77 
00 00 00 00 ff ff ff 7d 
00 00 00 00 ff ff ff 7e 
00 00 00 00 ff ff ff ff 
00 00 00 00 00 00 00 00 
00 00 00 00 00 00 00 01 
00 00 00 00 00 00 00 02 
00 00 00 00 00 00 00 03 
00 00 00 00 00 00 00 06 
00 00 00 00 00 00 00 00 
00 00 00 00 00 00 00 08 
00 00 00 00 00 00 00 10 
00 00 00 00 00 00 00 08 
00 00 00 00 00 00 00 10 
00 00 00 00 00 00 00 04 
00 00 00 00 00 00 00 01 
00 00 00 00 00 00 00 00 
00 00 00 00 00 00 00 08 
00 00 00 00 00 00 00 03 
