00 00 00 00 00 00 00 00 
00 00 00 00 00 00 00 01 
00 00 00 00 00 00 00 03 
00 00 00 00 00 00 00 04 
00 00 00 00 00 00 00 09 
00 00 00 00 00 00 00 22 
00 00 00 00 00 00 00 26 
00 00 00 00 00 00 00 41 
00 00 00 00 00 00 00 4f 
00 00 00 00 00 00 00 5c 
00 00 00 00 00 00 00 5f 
00 00 00 00 00 00 00 61 
00 00 00 00 00 00 00 69 
00 00 00 00 00 00 00 6f 
00 00 00 00 00 00 00 7b 
00 00 00 00 00 00 00 7d 
00 00 00 00 00 00 00 0c 
00 00 00 00 00 00 00 01 
00 00 00 00 00 00 00 22 
00 00 00 00 00 00 00 20 
00 00 00 00 00 00 00 04 
00 00 00 00 00 00 00 05 
00 00 00 00 00 00 00 5c 
