00 00 00 00 00 00 00 00 
00 00 00 00 00 00 00 01 
00 00 00 00 00 00 00 02 
00 00 00 00 00 00 00 03 
00 00 00 00 00 00 00 04 
00 00 00 00 00 00 00 06 
00 00 00 00 00 00 00 08 
00 00 00 00 00 00 00 0a 
00 00 00 00 00 00 00 0e 
00 00 00 00 00 00 00 20 
00 00 00 00 00 00 00 3f 
00 00 00 00 00 00 00 80 
00 00 00 00 00 00 00 c0 
00 00 00 00 00 00 00 ff 
00 00 00 00 ff ff ff ff 
ff ff ff ff ff ff ff fd 
00 00 00 00 00 00 00 00 
00 00 00 00 00 00 00 01 
00 00 00 00 00 00 00 02 
00 00 00 00 00 00 00 04 
00 00 00 00 00 00 00 06 
00 00 00 00 00 00 00 08 
00 00 00 00 00 00 00 00 
00 00 00 00 00 00 00 06 
00 00 00 00 00 00 00 04 
00 00 00 00 00 00 00 ff 
00 00 00 00 00 00 00 00 
00 00 00 00 00 00 00 08 
