00 00 00 00 00 00 00 00 
00 00 00 00 00 00 00 01 
00 00 00 00 00 00 00 02 
00 00 00 00 00 00 00 03 
00 00 00 00 00 00 00 04 
00 00 00 00 00 00 00 05 
00 00 00 00 00 00 00 06 
00 00 00 00 00 00 00 07 
00 00 00 00 00 00 00 0a 
00 00 00 00 00 00 00 10 
00 00 00 00 00 00 00 40 
00 00 00 00 00 00 00 80 
00 00 00 00 00 00 00 83 
00 00 00 00 00 00 00 87 
00 00 00 00 00 00 00 8f 
00 00 00 00 00 00 00 9f 
00 00 00 00 00 00 00 bf 
00 00 00 00 00 00 00 df 
00 00 00 00 00 00 00 e0 
00 00 00 00 00 00 00 ef 
00 00 00 00 00 00 00 f0 
00 00 00 00 00 00 00 f7 
00 00 00 00 00 00 00 f8 
00 00 00 00 00 00 00 fb 
00 00 00 00 00 00 00 fc 
00 00 00 00 00 00 00 fd 
00 00 00 00 00 00 00 ff 
00 00 00 00 00 00 00 00 
00 00 00 00 00 00 00 01 
00 00 00 00 00 00 00 02 
00 00 00 00 00 00 00 03 
00 00 00 00 00 00 00 04 
00 00 00 00 00 00 00 05 
00 00 00 00 00 00 00 06 
00 00 00 00 00 00 00 00 
