00 00 00 00 00 00 00 00 
00 00 00 00 00 00 00 01 
00 00 00 00 00 00 00 02 
00 00 00 00 00 00 00 03 
00 00 00 00 00 00 00 08 
00 00 00 00 00 00 00 62 
00 00 00 00 00 00 00 72 
00 00 00 00 00 00 00 73 
00 00 00 00 00 00 20 00 
00 00 00 00 ff ff ff 7d 
00 00 00 00 ff ff ff 7e 
00 00 00 00 ff ff ff ff 
00 00 00 00 00 00 00 06 
00 00 00 00 00 00 00 00 
00 00 00 00 00 00 00 01 
00 00 00 00 00 00 20 00 
00 00 00 00 00 00 20 02 
00 00 00 00 00 00 40 00 
00 00 00 00 00 00 40 04 
00 00 00 00 00 00 00 00 
00 00 00 00 00 00 10 00 
00 00 00 00 00 00 20 00 
00 00 00 00 00 00 00 01 
00 00 00 00 00 00 20 00 
00 00 00 00 00 00 40 04 
00 00 00 00 00 00 00 02 
00 00 00 00 00 00 00 08 
00 00 00 00 00 00 00 00 
00 00 00 00 00 00 00 08 
