00 00 00 00 00 00 00 00 
00 00 00 00 00 00 00 01 
00 00 00 00 00 00 00 02 
00 00 00 00 00 00 00 03 
00 00 00 00 00 00 00 04 
00 00 00 00 00 00 00 05 
00 00 00 00 00 00 00 08 
00 00 00 00 00 00 00 25 
00 00 00 00 00 00 00 2b 
00 00 00 00 00 00 00 2d 
00 00 00 00 00 00 00 2f 
00 00 00 00 00 00 00 3c 
00 00 00 00 00 00 00 3e 
00 00 00 00 00 00 00 3f 
00 00 00 00 00 00 00 63 
00 00 00 00 00 00 00 6f 
00 00 00 00 00 00 00 72 
00 00 00 00 00 00 00 73 
00 00 00 00 00 00 20 00 
00 00 00 00 ff ff ff 7d 
00 00 00 00 ff ff ff 7e 
00 00 00 00 ff ff ff ff 
ff ff ff ff ff ff ff ff 
00 00 00 00 00 00 00 00 
00 00 00 00 00 00 00 01 
00 00 00 00 00 00 00 02 
00 00 00 00 00 00 00 03 
00 00 00 00 00 00 00 04 
00 00 00 00 00 00 00 05 
00 00 00 00 00 00 08 01 
00 00 00 00 00 00 08 41 
00 00 00 00 00 00 00 06 
00 00 00 00 00 00 00 00 
00 00 00 00 00 00 00 01 
00 00 00 00 00 00 00 04 
00 00 00 00 00 00 08 41 
00 00 00 00 00 00 01 b6 
00 00 00 00 00 00 00 02 
