00 00 00 00 00 00 00 00 
00 00 00 00 00 00 00 01 
00 00 00 00 00 00 00 02 
00 00 00 00 00 00 00 03 
00 00 00 00 00 00 00 04 
00 00 00 00 00 00 00 05 
00 00 00 00 00 00 00 06 
00 00 00 00 00 00 00 08 
00 00 00 00 00 00 00 0a 
00 00 00 00 00 00 00 30 
00 00 00 00 00 00 00 39 
00 00 00 00 00 00 00 3f 
00 00 00 00 00 00 00 43 
00 00 00 00 00 00 00 61 
00 00 00 00 00 00 00 62 
00 00 00 00 00 00 00 64 
00 00 00 00 00 00 00 65 
00 00 00 00 00 00 00 6c 
00 00 00 00 00 00 00 6e 
00 00 00 00 00 00 00 74 
00 00 00 00 00 00 00 75 
00 00 00 00 00 00 00 78 
00 00 00 00 00 00 00 80 
00 00 00 00 00 00 00 81 
00 00 00 00 00 00 00 82 
00 00 00 00 00 00 00 83 
00 00 00 00 00 00 03 e8 
00 00 00 00 00 00 20 00 
00 00 00 00 ff ff ff 7d 
00 00 00 00 ff ff ff 7e 
00 00 00 00 ff ff ff ff 
19 99 99 99 99 99 99 99 
7f ff ff ff ff ff ff ff 
ff ff ff ff ff ff ff ff 
00 00 00 00 00 00 00 00 
00 00 00 00 00 00 00 01 
00 00 00 00 00 00 00 02 
00 00 00 00 00 00 00 03 
00 00 00 00 00 00 00 04 
00 00 00 00 00 00 00 05 
00 00 00 00 00 00 00 06 
00 00 00 00 00 00 00 07 
00 00 00 00 00 00 00 0a 
00 00 00 00 00 00 03 e8 
00 00 00 00 00 00 00 06 
00 00 00 00 00 00 00 00 
00 00 00 00 00 00 00 03 
00 00 00 00 00 00 03 e8 
00 00 00 00 00 00 00 01 
00 00 00 00 00 00 00 08 
00 00 00 00 00 00 00 02 
00 00 00 00 00 00 00 2f 
00 00 00 00 00 00 00 00 
00 00 00 00 00 00 00 02 
00 00 00 00 00 00 00 04 
00 00 00 00 00 00 00 0d 
00 00 00 00 00 00 00 4b 
