00 00 00 00 00 00 00 00 
00 00 00 00 00 00 00 01 
00 00 00 00 00 00 00 02 
00 00 00 00 00 00 00 04 
00 00 00 00 00 00 00 05 
00 00 00 00 00 00 00 09 
00 00 00 00 00 00 00 0c 
00 00 00 00 00 00 00 22 
00 00 00 00 00 00 00 30 
00 00 00 00 00 00 00 3f 
00 00 00 00 00 00 00 40 
00 00 00 00 ff ff ff ff 
00 00 00 00 00 00 00 00 
00 00 00 00 00 00 00 01 
00 00 00 00 00 00 00 02 
00 00 00 00 00 00 00 0a 
00 00 00 00 00 00 00 00 
00 00 00 00 00 00 00 00 
00 00 00 00 00 00 00 0c 
00 00 00 00 00 00 00 05 
