00 00 00 00 00 00 00 00 
00 00 00 00 00 00 00 01 
00 00 00 00 00 00 00 02 
00 00 00 00 00 00 00 03 
00 00 00 00 00 00 00 05 
00 00 00 00 00 00 00 16 
00 00 00 00 00 00 01 b0 
00 00 00 00 00 00 01 ff 
00 00 00 00 00 00 f0 00 
00 00 00 00 00 01 00 00 
7f ff ff ff ff ff ff ff 
aa aa aa aa aa aa aa ab 
ff ff ff ff ff ff ff ff 
00 00 00 00 00 00 00 00 
00 00 00 00 00 00 00 01 
00 00 00 00 00 00 00 05 
00 00 00 00 00 00 00 64 
00 00 00 00 00 00 01 b0 
00 00 00 00 00 00 02 00 
00 00 00 00 00 00 f0 00 
00 00 00 00 00 01 00 00 
00 00 00 00 00 01 00 02 
00 00 00 00 00 00 f0 00 
00 00 00 00 00 01 00 02 
00 00 00 00 00 00 00 01 
00 00 00 00 00 00 00 00 
00 00 00 00 00 00 55 56 
00 00 00 00 00 01 00 02 
00 00 00 00 00 01 00 00 
00 00 00 00 00 00 01 b2 
00 00 00 00 00 00 01 b0 
00 00 00 00 00 00 00 64 
00 00 00 00 00 00 02 00 
