00 00 00 00 00 00 00 00 
00 00 00 00 00 00 00 01 
00 00 00 00 00 00 00 02 
00 00 00 00 00 00 00 03 
00 00 00 00 00 00 00 04 
00 00 00 00 00 00 00 05 
00 00 00 00 00 00 00 06 
00 00 00 00 00 00 00 07 
00 00 00 00 00 00 00 08 
00 00 00 00 00 00 00 ff 
00 00 00 00 00 00 02 00 
00 00 00 00 00 00 40 00 
00 00 00 00 00 00 80 00 
00 00 00 00 00 02 00 00 
00 00 00 00 00 10 00 00 
00 00 00 00 00 80 00 00 
48 fe 4a 0f a5 a0 93 15 
64 7c 46 77 a2 88 4b 7c 
82 f0 53 db 83 55 e0 ce 
8c 0e a5 05 3d 47 12 a0 
98 f5 70 4f 6c 44 c0 ab 
ae 98 5b f2 cb fc 89 ed 
b2 9b 2e 82 4a 59 55 24 
b9 f8 b3 22 c7 3a c8 62 
00 00 00 00 00 00 00 00 
00 00 00 00 00 00 00 08 
00 00 00 00 00 00 00 10 
00 00 00 00 00 00 00 07 
00 00 00 00 00 00 00 0f 
