00 00 00 00 00 00 00 00 
00 00 00 00 00 00 00 01 
00 00 00 00 00 00 00 08 
00 00 00 00 00 00 00 0b 
00 00 00 00 00 00 00 10 
00 00 00 00 00 00 00 ff 
00 00 00 00 00 00 40 00 
00 00 00 00 00 00 00 00 
00 00 00 00 00 00 00 01 
00 00 00 00 00 00 00 02 
00 00 00 00 00 00 00 00 
00 00 00 00 00 00 00 01 
00 00 00 00 00 00 00 00 
00 00 00 00 00 00 00 02 
00 00 00 00 00 02 00 0e 
00 00 00 00 00 02 00 0f 
00 00 00 00 00 00 00 10 
00 00 00 00 00 00 00 0c 
00 00 00 00 00 52 50 41 
00 00 00 00 00 00 00 01 
00 00 00 00 00 00 00 02 
00 00 00 00 00 00 00 00 
00 00 00 00 00 00 00 10 
