00 00 00 00 00 00 00 00 
00 00 00 00 00 00 00 01 
00 00 00 00 00 00 00 4d 
00 00 00 00 00 00 00 52 
00 00 00 00 00 00 00 56 
00 00 00 00 00 00 00 62 
00 00 00 00 00 00 00 64 
00 00 00 00 00 00 00 66 
00 00 00 00 00 00 00 67 
00 00 00 00 00 00 00 68 
00 00 00 00 00 00 00 69 
00 00 00 00 00 00 00 6e 
00 00 00 00 00 00 00 72 
00 00 00 00 00 00 00 00 
00 00 00 00 00 00 00 4d 
00 00 00 00 00 00 00 52 
00 00 00 00 00 00 00 56 
00 00 00 00 00 00 00 62 
00 00 00 00 00 00 00 64 
00 00 00 00 00 00 00 66 
00 00 00 00 00 00 00 67 
00 00 00 00 00 00 00 68 
00 00 00 00 00 00 00 69 
00 00 00 00 00 00 00 6e 
00 00 00 00 00 00 00 72 
