00 00 00 00 00 00 00 00 
00 00 00 00 00 00 00 01 
00 00 00 00 00 00 00 02 
00 00 00 00 00 00 00 08 
00 00 00 00 00 00 00 0d 
00 00 00 00 00 00 00 10 
00 00 00 00 00 00 00 20 
00 00 00 00 00 00 00 30 
00 00 00 00 00 00 00 80 
00 00 00 00 00 00 00 00 
00 00 00 00 00 00 00 01 
00 00 00 00 00 00 00 02 
00 00 00 00 00 00 00 03 
00 00 00 00 00 00 00 04 
00 00 00 00 00 00 00 0d 
00 00 00 00 00 00 00 20 
00 00 00 00 00 00 00 30 
00 00 00 00 00 00 00 40 
00 00 00 00 00 00 00 10 
00 00 00 00 00 00 00 00 
00 00 00 00 00 00 00 20 
00 00 00 00 00 00 00 30 
00 00 00 00 00 00 00 01 
00 00 00 00 00 00 00 31 
