00 00 00 00 00 00 00 00 
00 00 00 00 00 00 00 01 
00 00 00 00 00 00 00 02 
00 00 00 00 00 00 00 04 
00 00 00 00 00 00 00 06 
00 00 00 00 00 00 00 09 
00 00 00 00 00 00 00 25 
00 00 00 00 00 00 00 30 
00 00 00 00 00 00 00 45 
00 00 00 00 00 00 00 62 
00 00 00 00 00 00 04 00 
00 3f ff ff ff ff ff ff 
40 59 00 00 00 00 00 00 
43 e0 00 00 00 00 00 00 
43 f0 00 00 00 00 00 00 
80 00 00 00 00 00 00 00 
00 00 00 00 00 00 00 00 
00 00 00 00 00 00 00 01 
00 00 00 00 00 00 00 0a 
00 00 00 00 00 00 02 20 
00 00 00 00 00 00 00 01 
