UnresolvableCallTarget:
defaultdict(<class 'list'>, {'completed.7698': [1, 1], 'selinux_enabled': [0], 'parents_option': [1, 1],
'remove_trailing_slashes': [1, 1], 'zeros.6759': [0, 0, 69341664, 69341664], 'nz.6760': [1024], 'top_level_src_name': [0, 0],
'top_level_dst_name': [0, 0], 'mask.7088': [0], 'src_to_dest': [0], 'simple_backup_suffix': [67220945, 67220945, 67220945,
67220945, 14987979559889010688, 14987979559889010688, 18446744073709551615, 18446744073709551615], 'file_name': [0, 0],
'ignore_EPIPE': [0], 'program_name': [18446744073709551615, 18446744073709551615, 68719476864, 68719476864, 7, 7],
'__progname_full@@GLIBC_2.2.5': [18446744073709551615, 18446744073709551615, 68719476864, 68719476864, 7, 7],
'program_invocation_short_name@@GLIBC_2.2.5': [7], 'nslots': [1, 1, 1, 1073741825, 1073741825, 1073741825,
2147483648, 2147483648, 2147483648], 'slotvec': [0, 0, 0, 0], 'ht.4597': [0, 0], 'new_dst_res.4598': [0, 0, 0, 0],
'utimensat_works_really': [4294967295, 4294967295, 4294967295, 4294967295, 4294967295, 4294967295, 4294967295,
4294967295, 1, 1, 1, 1, 1, 1, 1, 1, 1, 1, 1, 1, 1, 1, 1, 1, 1, 1, 1, 1, 1, 1, 1, 1], 'lutimensat_works_really':
[4294967295, 4294967295, 4294967295, 4294967295, 4294967295, 4294967295, 4294967295, 4294967295, 4294967295,
4294967295, 4294967295, 4294967295, 1, 1, 1, 1, 1, 1], 'can_write.2632': [1], 'initialized.2631': [1],
'have_dupfd_cloexec.3553': [1, 1, 1, 1, 4294967295, 4294967295]})
