00 00 00 00 00 00 00 00 
00 00 00 00 00 00 00 01 
00 00 00 00 00 00 00 02 
00 00 00 00 00 00 00 03 
00 00 00 00 00 00 00 04 
00 00 00 00 00 00 00 05 
00 00 00 00 00 00 00 06 
00 00 00 00 00 00 00 07 
00 00 00 00 00 00 00 08 
00 00 00 00 00 00 00 0e 
00 00 00 00 00 00 00 10 
00 00 00 00 00 00 00 17 
00 00 00 00 00 00 00 1c 
00 00 00 00 00 00 00 43 
00 00 00 00 00 00 00 44 
00 00 00 00 00 00 00 46 
00 00 00 00 00 00 00 49 
00 00 00 00 00 00 00 4c 
00 00 00 00 00 00 00 53 
00 00 00 00 00 00 00 64 
00 00 00 00 00 00 00 6f 
00 00 00 00 00 00 00 75 
00 00 00 00 00 00 00 78 
00 00 00 00 00 00 00 7a 
00 00 00 00 00 00 00 00 
00 00 00 00 00 00 00 01 
00 00 00 00 00 00 00 02 
00 00 00 00 00 00 00 03 
00 00 00 00 00 00 00 04 
00 00 00 00 00 00 00 05 
00 00 00 00 00 00 00 06 
00 00 00 00 00 00 00 08 
00 00 00 00 00 00 00 0a 
00 00 00 00 00 00 00 0b 
00 00 00 00 00 00 00 0f 
00 00 00 00 00 00 00 10 
00 00 00 00 00 00 00 18 
00 00 00 00 00 00 00 1d 
00 00 00 00 00 00 02 87 
00 00 00 00 00 00 00 00 
00 00 00 00 00 00 00 03 
00 00 00 00 00 00 00 10 
00 00 00 00 00 00 00 20 
00 00 00 00 00 00 00 40 
00 00 00 00 00 00 00 10 
00 00 00 00 00 00 00 0b 
00 00 00 00 00 00 00 08 
00 00 00 00 00 00 02 ea 
