00 00 00 00 00 00 00 00 
00 00 00 00 00 00 00 01 
00 00 00 00 00 00 00 02 
00 00 00 00 00 00 00 03 
00 00 00 00 00 00 00 04 
00 00 00 00 00 00 00 05 
00 00 00 00 00 00 00 06 
00 00 00 00 00 00 00 07 
00 00 00 00 00 00 00 08 
00 00 00 00 00 00 00 0a 
00 00 00 00 00 00 00 0f 
00 00 00 00 00 00 00 10 
00 00 00 00 00 00 00 20 
00 00 00 00 00 00 00 28 
00 00 00 00 00 00 00 2b 
00 00 00 00 00 00 00 64 
00 00 00 00 00 00 00 6e 
00 00 00 00 00 00 00 6f 
00 00 00 00 00 00 00 78 
00 00 00 00 00 00 00 83 
00 00 00 00 ff ff ff ff 
00 00 00 00 00 00 00 00 
00 00 00 00 00 00 00 01 
00 00 00 00 00 00 00 02 
00 00 00 00 00 00 00 03 
00 00 00 00 00 00 00 04 
00 00 00 00 00 00 00 05 
00 00 00 00 00 00 00 06 
00 00 00 00 00 00 00 07 
00 00 00 00 00 00 00 08 
00 00 00 00 00 00 00 0a 
00 00 00 00 00 00 00 10 
00 00 00 00 00 00 00 20 
00 00 00 00 00 00 00 2d 
00 00 00 00 00 00 00 06 
00 00 00 00 00 00 00 00 
00 00 00 00 00 00 00 04 
00 00 00 00 00 00 00 01 
00 00 00 00 00 00 00 00 
00 00 00 00 00 00 00 04 
00 00 00 00 00 00 00 0a 
00 00 00 00 00 00 00 10 
00 00 00 00 00 00 00 08 
00 00 00 00 00 00 00 18 
