00 00 00 00 00 00 00 00 
00 00 00 00 00 00 00 01 
00 00 00 00 00 00 00 04 
00 00 00 00 00 00 00 08 
00 00 00 00 00 00 00 10 
00 00 00 00 00 00 00 16 
00 00 00 00 00 00 00 18 
00 00 00 00 00 00 00 1d 
00 00 00 00 00 00 00 20 
00 00 00 00 00 00 00 26 
00 00 00 00 00 00 00 3f 
00 00 00 00 00 00 00 80 
00 00 00 00 00 00 01 00 
00 00 00 00 00 00 02 00 
00 00 00 00 00 00 04 00 
00 00 00 00 00 00 40 00 
00 00 00 00 00 00 80 00 
00 00 00 00 00 00 f0 00 
00 00 00 00 3b 9a ca 00 
00 00 00 00 00 00 00 00 
00 00 00 00 00 00 00 01 
00 00 00 00 00 00 00 0a 
00 00 00 00 00 00 00 1d 
00 00 00 00 00 00 00 20 
00 00 00 00 00 00 80 00 
00 00 00 00 00 00 00 00 
00 00 00 00 00 00 00 01 
00 00 00 00 00 00 00 03 
00 00 00 00 00 00 00 04 
00 00 00 00 00 00 00 00 
00 00 00 00 00 00 00 20 
00 00 00 00 00 00 00 20 
