00 00 00 00 00 00 00 00 
00 00 00 00 00 00 00 01 
00 00 00 00 00 00 00 04 
00 00 00 00 00 00 00 20 
00 00 00 00 00 00 00 27 
00 00 00 00 00 00 00 42 
00 00 00 00 00 00 00 69 
00 00 00 00 00 00 00 80 
00 00 00 00 00 00 01 00 
00 00 00 00 00 00 00 00 
00 00 00 00 00 00 00 01 
00 00 00 00 00 00 00 04 
00 00 00 00 00 00 00 84 
00 00 00 00 00 00 01 84 
00 00 00 00 00 00 01 a4 
00 00 00 00 00 00 00 04 
00 00 00 00 00 00 00 00 
00 00 00 00 00 00 00 00 
00 00 00 00 00 00 01 84 
00 00 00 00 00 00 01 a4 
