00 00 00 00 00 00 00 00 
00 00 00 00 00 00 00 01 
00 00 00 00 00 00 00 02 
00 00 00 00 00 00 00 3f 
00 00 00 00 00 00 00 ff 
00 00 00 00 00 00 01 b6 
00 00 00 00 00 00 02 00 
00 00 00 00 00 00 10 00 
00 00 00 00 00 00 40 00 
00 00 00 00 00 00 80 00 
00 00 00 00 00 00 f0 00 
00 00 00 00 3b 9a ca 00 
00 00 00 00 00 00 00 00 
00 00 00 00 00 00 00 01 
00 00 00 00 00 00 00 02 
00 00 00 00 00 00 00 40 
00 00 00 00 00 00 01 b6 
00 00 00 00 00 00 02 40 
00 00 00 00 00 00 00 06 
00 00 00 00 00 00 00 00 
00 00 00 00 00 00 00 01 
00 00 00 00 00 00 00 00 
00 00 00 00 00 00 00 01 
00 00 00 00 00 00 00 04 
00 00 00 00 00 00 00 00 
00 00 00 00 00 00 00 40 
00 00 00 00 00 00 01 b6 
00 00 00 00 00 00 02 41 
00 00 00 00 00 00 02 42 
00 00 00 00 00 00 00 03 
