00 00 00 00 00 00 00 00 
00 00 00 00 00 00 00 01 
00 00 00 00 00 00 00 02 
00 00 00 00 00 00 00 04 
00 00 00 00 00 00 00 07 
00 00 00 00 00 00 00 08 
00 00 00 00 00 00 00 0c 
00 00 00 00 00 00 00 10 
00 00 00 00 00 00 00 18 
00 00 00 00 00 00 00 4b 
00 00 00 00 00 00 00 60 
00 00 00 00 00 00 02 00 
00 00 00 00 00 00 08 00 
00 00 00 00 00 00 30 00 
00 00 00 00 00 00 40 02 
00 00 00 00 00 10 10 00 
00 00 00 00 ff ff ff e7 
00 00 00 00 ff ff ff fd 
00 00 00 00 ff ff ff fe 
7f ff ff ff ff ff ff ff 
ff ff ff ff ff ff ff ff 
00 00 00 00 00 00 00 00 
00 00 00 00 00 00 00 01 
00 00 00 00 00 00 00 02 
00 00 00 00 00 00 00 04 
00 00 00 00 00 00 01 ff 
00 00 00 00 00 00 02 00 
00 00 00 00 00 00 08 00 
00 00 00 00 00 10 10 00 
00 00 00 00 00 00 00 08 
00 00 00 00 00 00 00 10 
00 00 00 00 00 00 00 3d 
00 00 00 00 00 00 00 00 
00 00 00 00 00 00 00 01 
00 00 00 00 00 00 02 00 
00 00 00 00 00 00 01 ff 
00 00 00 00 00 00 00 00 
00 00 00 00 00 00 00 4b 
