00 00 00 00 00 00 00 00 
00 00 00 00 00 00 00 01 
00 00 00 00 00 00 00 02 
00 00 00 00 00 00 00 03 
00 00 00 00 00 00 00 04 
00 00 00 00 00 00 00 08 
00 00 00 00 00 00 00 61 
00 00 00 00 00 00 00 63 
00 00 00 00 00 00 00 64 
00 00 00 00 00 00 00 66 
00 00 00 00 00 00 00 68 
00 00 00 00 00 00 00 6d 
00 00 00 00 00 00 00 72 
00 00 00 00 00 00 00 74 
00 00 00 00 00 00 00 80 
00 00 00 00 00 03 0d af 
00 00 00 00 3f ff ff ff 
00 00 00 00 ff ff ff 7d 
00 00 00 00 ff ff ff 7e 
00 00 00 00 ff ff ff ff 
00 00 00 00 00 00 00 00 
00 00 00 00 00 00 00 01 
00 00 00 00 00 00 00 02 
00 00 00 00 00 00 00 03 
00 00 00 00 00 00 00 06 
00 00 00 00 00 00 00 00 
00 00 00 00 00 00 00 01 
00 00 00 00 00 00 00 04 
00 00 00 00 00 00 00 09 
00 00 00 00 00 00 00 08 
