00 00 00 00 00 00 00 00 
00 00 00 00 00 00 00 01 
00 00 00 00 00 00 00 02 
00 00 00 00 00 00 00 09 
00 00 00 00 00 00 00 0a 
00 00 00 00 00 00 00 1f 
00 00 00 00 00 00 00 28 
00 00 00 00 00 00 00 29 
00 00 00 00 00 00 00 2b 
00 00 00 00 00 00 00 2c 
00 00 00 00 00 00 00 2d 
00 00 00 00 00 00 00 2e 
00 00 00 00 00 00 00 30 
00 00 00 00 00 00 00 3f 
00 00 00 00 00 00 01 12 
00 00 00 00 00 00 01 13 
00 00 00 00 00 00 01 14 
00 00 00 00 00 00 01 15 
00 00 00 00 3b 9a ca 00 
00 00 00 00 ff ff ff ff 
80 00 00 00 00 00 00 00 
00 00 00 00 00 00 00 00 
00 00 00 00 00 00 00 01 
00 00 00 00 00 00 00 02 
00 00 00 00 00 00 00 03 
00 00 00 00 00 00 00 00 
00 00 00 00 00 00 00 01 
