00 00 00 00 00 00 00 00 
00 00 00 00 00 00 00 01 
00 00 00 00 00 00 00 02 
00 00 00 00 00 00 00 09 
00 00 00 00 00 00 00 0a 
00 00 00 00 00 00 00 13 
00 00 00 00 00 00 00 16 
00 00 00 00 00 00 00 19 
00 00 00 00 00 00 00 1f 
00 00 00 00 00 00 00 24 
00 00 00 00 00 00 00 26 
00 00 00 00 00 00 00 2d 
00 00 00 00 00 00 00 3f 
00 00 00 00 00 00 00 40 
00 00 00 00 00 00 00 4d 
00 00 00 00 00 00 00 5e 
00 00 00 00 00 00 00 5f 
00 00 00 00 00 00 00 7e 
00 00 00 00 00 00 00 7f 
00 00 00 00 00 00 00 80 
00 00 00 00 00 00 00 9f 
00 00 00 00 00 00 00 ff 
ff ff ff ff ff ff ff ff 
00 00 00 00 00 00 00 00 
00 00 00 00 00 00 00 01 
00 00 00 00 00 00 00 02 
00 00 00 00 00 00 00 09 
00 00 00 00 00 00 00 0a 
00 00 00 00 00 00 00 24 
00 00 00 00 00 00 00 2d 
00 00 00 00 00 00 00 3f 
00 00 00 00 00 00 00 4d 
00 00 00 00 00 00 00 5e 
00 00 00 00 00 00 00 01 
00 00 00 00 00 00 54 1b 
00 00 00 00 00 00 00 00 
00 00 00 00 00 00 00 03 
00 00 00 00 00 00 00 04 
