00 00 00 00 00 00 00 00 
00 00 00 00 00 00 00 01 
00 00 00 00 00 00 00 04 
00 00 00 00 00 00 00 08 
00 00 00 00 00 00 00 12 
00 00 00 00 00 00 00 41 
00 00 00 00 00 00 00 45 
00 00 00 00 00 00 00 54 
00 00 00 00 00 00 00 62 
00 00 00 00 00 00 00 65 
00 00 00 00 00 00 00 6e 
00 00 00 00 00 00 00 73 
00 00 00 00 00 00 00 75 
00 00 00 00 00 00 00 76 
00 00 00 00 00 00 80 00 
00 00 00 00 00 00 f0 00 
00 00 00 00 ff ff ff 7d 
00 00 00 00 ff ff ff 7e 
00 00 00 00 ff ff ff ff 
00 00 00 00 00 00 00 00 
00 00 00 00 00 00 00 01 
00 00 00 00 00 00 00 02 
00 00 00 00 00 00 00 06 
00 00 00 00 00 00 00 00 
00 00 00 00 00 00 00 01 
00 00 00 00 00 00 00 08 
00 00 00 00 00 00 00 03 
00 00 00 00 00 00 00 02 
