00 00 00 00 00 00 00 00 
00 00 00 00 00 00 00 01 
00 00 00 00 00 00 00 03 
00 00 00 00 00 00 00 08 
00 00 00 00 00 00 00 2b 
00 00 00 00 00 00 00 2c 
00 00 00 00 00 00 00 30 
00 00 00 00 00 00 00 37 
00 00 00 00 00 00 00 3d 
00 00 00 00 00 00 00 52 
00 00 00 00 00 00 00 58 
00 00 00 00 00 00 00 61 
00 00 00 00 00 00 00 63 
00 00 00 00 00 00 00 66 
00 00 00 00 00 00 00 67 
00 00 00 00 00 00 00 6f 
00 00 00 00 00 00 00 72 
00 00 00 00 00 00 00 76 
00 00 00 00 00 00 00 78 
00 00 00 00 00 00 00 80 
00 00 00 00 00 00 00 81 
00 00 00 00 00 00 00 82 
00 00 00 00 ff ff ff 7d 
00 00 00 00 ff ff ff 7e 
00 00 00 00 ff ff ff ff 
00 00 00 00 00 00 00 00 
00 00 00 00 00 00 00 01 
00 00 00 00 00 00 00 02 
00 00 00 00 00 00 00 2c 
00 00 00 00 00 00 00 06 
00 00 00 00 00 00 00 00 
00 00 00 00 00 00 00 08 
00 00 00 00 00 00 00 01 
00 00 00 00 00 00 00 04 
00 00 00 00 00 00 00 10 
00 00 00 00 00 00 04 11 
