00 00 00 00 00 00 00 00 
00 00 00 00 00 00 00 01 
00 00 00 00 00 00 00 02 
00 00 00 00 00 00 00 03 
00 00 00 00 00 00 00 05 
00 00 00 00 00 00 00 08 
00 00 00 00 00 00 00 0f 
00 00 00 00 00 00 00 10 
00 00 00 00 00 00 00 16 
00 00 00 00 00 00 00 18 
00 00 00 00 00 00 00 20 
00 00 00 00 00 00 00 40 
00 00 00 00 00 00 01 00 
00 00 00 00 00 00 0f bf 
00 00 00 00 00 00 18 00 
00 00 00 00 00 00 38 00 
0a aa aa aa aa aa a8 55 
00 00 00 00 00 00 00 00 
00 00 00 00 00 00 00 01 
00 00 00 00 00 00 00 02 
00 00 00 00 00 00 38 00 
00 00 00 00 00 00 01 00 
00 00 00 00 00 00 00 08 
00 00 00 00 00 00 00 00 
00 00 00 00 00 00 02 00 
00 00 00 00 00 00 00 01 
00 00 00 00 00 00 00 0a 
00 00 00 00 00 00 00 02 
00 00 00 00 00 00 00 16 
00 00 00 00 00 00 08 00 
