00 00 00 00 00 00 00 00 
00 00 00 00 00 00 00 01 
00 00 00 00 00 00 00 02 
00 00 00 00 00 00 00 03 
00 00 00 00 00 00 00 07 
00 00 00 00 00 00 00 08 
00 00 00 00 00 00 00 10 
00 00 00 00 00 00 00 16 
00 00 00 00 00 00 00 1f 
00 00 00 00 00 00 00 3f 
00 00 00 00 00 00 00 80 
00 00 00 00 00 00 00 ff 
00 00 00 00 00 00 01 00 
00 00 00 00 03 ff 00 00 
00 00 00 00 07 ff ff fe 
00 00 00 00 87 ff ff fe 
00 00 00 01 00 00 00 00 
00 00 00 00 00 00 00 00 
00 00 00 00 00 00 00 01 
00 00 00 00 00 00 00 02 
00 00 00 00 00 00 00 03 
00 00 00 00 00 00 00 80 
00 00 00 00 00 00 00 81 
00 00 00 00 03 ff 00 00 
00 00 00 00 00 00 00 10 
00 00 00 00 00 00 00 00 
00 00 00 00 00 00 00 00 
00 00 00 00 00 00 01 00 
00 00 00 00 00 00 00 01 
00 00 00 00 00 00 00 16 
00 00 00 00 00 00 00 18 
