00 00 00 00 00 00 00 00 
00 00 00 00 00 00 00 01 
00 00 00 00 00 00 00 02 
00 00 00 00 00 00 00 09 
00 00 00 00 00 00 00 0a 
00 00 00 00 00 00 00 0b 
00 00 00 00 00 00 00 0c 
00 00 00 00 00 00 00 0f 
00 00 00 00 00 00 00 11 
00 00 00 00 00 00 00 12 
00 00 00 00 00 00 00 13 
00 00 00 00 00 00 00 17 
00 00 00 00 00 00 00 18 
00 00 00 00 00 00 00 2c 
00 00 00 00 00 00 7f ff 
00 00 00 00 00 20 00 00 
ff ff ff ff ff ff ff fe 
ff ff ff ff ff ff ff ff 
00 00 00 00 00 00 00 00 
00 00 00 00 00 00 00 01 
00 00 00 00 00 00 00 02 
00 00 00 00 00 00 00 03 
00 00 00 00 00 00 00 09 
00 00 00 00 00 00 00 0a 
00 00 00 00 00 00 00 0c 
00 00 00 00 00 00 00 0f 
00 00 00 00 00 00 00 00 
00 00 00 00 00 00 00 0b 
00 00 00 00 00 00 00 0a 
00 00 00 00 00 00 00 0b 
00 00 00 00 00 00 00 10 
00 00 00 00 00 00 00 0a 
