00 00 00 00 00 00 00 00 
00 00 00 00 00 00 00 01 
00 00 00 00 00 00 00 02 
00 00 00 00 00 00 00 04 
00 00 00 00 00 00 00 15 
00 00 00 00 00 00 00 16 
00 00 00 00 00 00 00 19 
00 00 00 00 00 00 00 1a 
00 00 00 00 00 00 00 1c 
00 00 00 00 00 00 00 1e 
00 00 00 00 00 00 00 2d 
00 00 00 00 00 00 00 2e 
00 00 00 00 00 00 00 3a 
00 00 00 00 00 00 00 3d 
00 00 00 00 00 00 00 5b 
00 00 00 00 00 00 00 5c 
00 00 00 00 00 00 00 5d 
00 00 00 00 00 00 00 5e 
00 00 00 00 ff ff ff ff 
00 00 00 00 00 00 00 00 
