00 00 00 00 00 00 00 00 
00 00 00 00 00 00 00 01 
00 00 00 00 00 00 00 02 
00 00 00 00 00 00 00 03 
00 00 00 00 00 00 00 04 
00 00 00 00 00 00 00 06 
00 00 00 00 00 00 00 18 
00 00 00 00 00 00 20 00 
00 00 00 00 00 00 f0 00 
00 00 00 00 00 f0 c2 ac 
ff ff ff ff ff ff ff ff 
00 00 00 00 00 00 00 00 
00 00 00 00 00 00 00 01 
00 00 00 00 00 00 00 02 
00 00 00 00 00 00 00 0a 
00 00 00 00 00 00 00 20 
00 00 00 00 00 00 00 2b 
00 00 00 00 00 00 00 2e 
00 00 00 00 00 00 00 3f 
00 00 00 00 00 00 00 0a 
00 00 00 00 00 00 00 3f 
00 00 00 00 00 00 00 15 
00 00 00 00 00 00 00 00 
00 00 00 00 00 00 02 00 
00 00 00 00 00 00 00 02 
00 00 00 00 00 00 00 01 
00 00 00 00 00 00 00 00 
00 00 00 00 00 00 00 3f 
00 00 00 00 00 00 00 04 
00 00 00 00 00 00 00 00 
00 00 00 00 00 00 00 01 
00 00 00 00 00 00 03 e9 
