00 00 00 00 00 00 00 00 
00 00 00 00 00 00 00 01 
00 00 00 00 00 00 00 02 
00 00 00 00 00 00 00 03 
00 00 00 00 00 00 00 05 
00 00 00 00 00 00 00 08 
00 00 00 00 00 00 00 18 
00 00 00 00 00 00 00 20 
00 00 00 00 00 00 00 00 
00 00 00 00 00 00 00 01 
00 00 00 00 00 00 00 02 
00 00 00 00 00 00 01 00 
00 00 00 00 00 00 00 01 
00 00 00 00 00 00 00 0a 
00 00 00 00 00 00 00 00 
00 00 00 00 00 00 00 18 
00 00 00 00 00 00 00 30 
00 00 00 00 00 00 00 00 
00 00 00 00 00 00 00 18 
00 00 00 00 00 00 00 00 
00 00 00 00 00 00 00 20 
00 00 00 00 00 00 00 00 
00 00 00 00 00 00 07 a2 
