00 00 00 00 00 00 00 00 
00 00 00 00 00 00 00 01 
00 00 00 00 00 00 00 02 
00 00 00 00 00 00 00 08 
00 00 00 00 00 00 00 46 
00 00 00 00 00 00 00 61 
00 00 00 00 00 00 00 67 
00 00 00 00 ef f0 ff ff 
00 00 00 00 ff ff ff 7d 
00 00 00 00 ff ff ff 7e 
00 00 00 00 ff ff ff ff 
00 00 00 00 00 00 00 00 
00 00 00 00 00 00 00 01 
00 00 00 00 00 00 00 02 
00 00 00 00 00 00 00 06 
00 00 00 00 00 00 00 00 
00 00 00 00 00 6c 6c 61 
00 00 00 00 00 00 00 01 
00 00 00 00 00 00 00 08 
00 00 00 00 00 00 08 00 
00 00 00 00 00 00 00 03 
00 00 00 00 00 00 00 04 
00 00 00 00 00 00 00 3c 
