00 00 00 00 00 00 00 00 
00 00 00 00 00 00 00 01 
00 00 00 00 00 00 00 02 
00 00 00 00 00 00 00 03 
00 00 00 00 00 00 00 05 
00 00 00 00 00 00 00 10 
00 00 00 00 00 00 00 11 
00 00 00 00 00 00 00 18 
00 00 00 00 00 00 00 20 
00 00 00 00 00 00 00 00 
00 00 00 00 00 00 00 01 
00 00 00 00 00 00 00 02 
00 00 00 00 00 00 00 03 
00 00 00 00 00 00 00 1c 
00 00 00 00 00 00 00 00 
00 00 00 00 00 00 00 18 
00 00 00 00 00 00 00 30 
00 00 00 00 00 00 00 00 
00 00 00 00 00 00 00 01 
00 00 00 00 00 00 00 03 
00 00 00 00 00 00 00 1c 
00 00 00 00 00 00 00 00 
00 00 00 00 00 00 00 20 
00 00 00 00 00 00 00 00 
00 00 00 00 00 00 08 cb 
00 00 00 00 00 00 08 d1 
