00 00 00 00 00 00 00 00 
00 00 00 00 00 00 00 01 
00 00 00 00 00 00 00 02 
00 00 00 00 00 00 00 03 
00 00 00 00 00 00 00 04 
00 00 00 00 00 00 00 15 
00 00 00 00 00 00 00 20 
00 00 00 00 00 00 00 30 
00 00 00 00 00 00 00 63 
00 00 00 00 00 00 00 72 
00 00 00 00 00 00 00 7f 
00 00 00 00 00 00 01 20 
00 00 00 00 00 00 03 20 
00 00 00 00 00 00 05 26 
00 00 00 00 00 00 0a 10 
00 00 00 00 ff ff fc cf 
00 00 00 00 ff ff fe 3f 
00 00 00 00 ff ff fe cf 
00 00 00 00 ff ff ff d3 
00 00 00 00 ff ff ff df 
00 00 00 00 ff ff ff f8 
00 00 00 00 ff ff ff fb 
00 00 00 00 ff ff ff fd 
00 00 00 00 ff ff ff fe 
00 00 00 00 00 00 00 00 
00 00 00 00 00 00 00 01 
00 00 00 00 00 00 00 03 
00 00 00 00 00 00 00 15 
00 00 00 00 00 00 00 7f 
