00 00 00 00 00 00 00 00 
00 00 00 00 00 00 00 01 
00 00 00 00 00 00 00 03 
00 00 00 00 00 00 00 04 
00 00 00 00 00 00 00 08 
00 00 00 00 00 00 00 0c 
00 00 00 00 00 00 00 18 
00 00 00 00 00 00 00 60 
00 00 00 00 00 00 01 90 
00 00 00 00 00 00 01 98 
00 00 00 00 00 00 01 9c 
00 00 00 00 00 00 01 a0 
00 00 00 00 00 00 01 e0 
00 00 00 00 00 00 01 f0 
00 00 00 00 ff ff ff ff 
00 00 00 00 00 00 00 00 
00 00 00 00 00 00 00 01 
00 00 00 00 00 00 00 02 
00 00 00 00 00 00 00 00 
00 00 00 00 00 00 00 18 
00 00 00 00 00 00 00 00 
00 00 00 00 00 00 00 02 
00 00 00 00 00 00 00 03 
00 00 00 00 00 00 00 0a 
00 00 00 00 00 00 00 01 
