00 00 00 00 00 00 00 00 
00 00 00 00 00 00 00 01 
00 00 00 00 00 00 00 08 
00 00 00 00 00 00 00 30 
00 00 00 00 ff ff ff 7d 
00 00 00 00 ff ff ff 7e 
00 00 00 00 ff ff ff ff 
00 00 00 00 00 00 00 00 
00 00 00 00 00 00 00 01 
00 00 00 00 00 00 00 02 
00 00 00 00 00 00 00 03 
00 00 00 00 00 00 00 08 
00 00 00 00 00 00 00 06 
00 00 00 00 00 00 00 02 
00 00 00 00 00 00 00 00 
00 00 00 00 00 00 00 08 
00 00 00 00 00 00 00 10 
00 00 00 00 00 00 00 3d 
00 00 00 00 00 00 00 0a 
00 00 00 00 00 00 00 08 
