00 00 00 00 00 00 00 00 
00 00 00 00 00 00 00 01 
00 00 00 00 00 00 00 02 
00 00 00 00 00 00 00 03 
00 00 00 00 00 00 00 08 
00 00 00 00 00 00 00 43 
00 00 00 00 00 00 00 44 
00 00 00 00 00 00 00 53 
00 00 00 00 00 00 00 54 
00 00 00 00 00 00 00 5a 
00 00 00 00 00 00 00 62 
00 00 00 00 00 00 00 64 
00 00 00 00 00 00 00 67 
00 00 00 00 00 00 00 6d 
00 00 00 00 00 00 00 6f 
00 00 00 00 00 00 00 70 
00 00 00 00 00 00 00 73 
00 00 00 00 00 00 00 74 
00 00 00 00 00 00 00 76 
00 00 00 00 00 00 00 80 
00 00 00 00 00 00 00 81 
00 00 00 00 00 00 40 00 
00 00 00 00 00 00 f0 00 
00 00 00 00 ff ff ff 7d 
00 00 00 00 ff ff ff 7e 
00 00 00 00 ff ff ff ff 
00 00 00 00 00 00 00 00 
00 00 00 00 00 00 00 01 
00 00 00 00 00 00 00 06 
00 00 00 00 00 00 00 00 
00 00 00 00 00 00 00 11 
00 00 00 00 00 00 00 01 
00 00 00 00 00 00 00 04 
00 00 00 00 00 00 00 08 
00 00 00 00 00 00 01 ed 
