00 00 00 00 00 00 00 00 
00 00 00 00 00 00 00 02 
00 00 00 00 00 00 00 03 
00 00 00 00 00 00 00 10 
00 00 00 00 00 00 00 2b 
00 00 00 00 00 00 00 2d 
00 00 00 00 00 00 00 3d 
00 00 00 00 00 00 00 49 
00 00 00 00 00 00 00 92 
00 00 00 00 00 00 01 24 
00 00 00 00 00 00 0c 00 
00 00 00 00 00 00 0f ff 
00 00 00 00 00 00 00 00 
00 00 00 00 00 00 0f ff 
00 00 00 00 00 00 00 00 
00 00 00 00 00 00 0c 00 
00 00 00 00 00 00 01 24 
00 00 00 00 00 00 00 00 
00 00 00 00 00 00 00 92 
00 00 00 00 00 00 01 24 
00 00 00 00 00 00 01 b6 
