00 00 00 00 00 00 00 00 
00 00 00 00 00 00 00 01 
00 00 00 00 00 00 00 02 
00 00 00 00 00 00 00 16 
00 00 00 00 00 00 00 26 
00 00 00 00 00 00 00 2f 
00 00 00 00 00 00 00 4b 
00 00 00 00 00 00 40 00 
00 00 00 00 00 00 f0 00 
00 00 00 00 ff ff ff fe 
00 00 00 00 ff ff ff ff 
00 00 00 00 00 00 00 00 
00 00 00 00 00 00 00 01 
00 00 00 00 00 00 00 14 
00 00 00 00 00 00 00 16 
00 00 00 00 00 00 01 3c 
00 00 00 00 00 00 00 00 
00 00 00 00 00 00 00 5f 
00 00 00 00 00 00 00 11 
00 00 00 00 00 00 00 02 
00 00 00 00 00 00 00 14 
00 00 00 00 00 00 00 15 
