00 00 00 00 00 00 00 00 
00 00 00 00 00 00 00 01 
00 00 00 00 00 00 00 02 
00 00 00 00 00 00 00 04 
00 00 00 00 00 00 00 08 
00 00 00 00 00 00 00 0b 
00 00 00 00 00 00 00 10 
00 00 00 00 00 00 00 20 
00 00 00 00 00 00 00 2d 
00 00 00 00 00 00 00 40 
00 00 00 00 00 00 00 53 
00 00 00 00 00 00 00 54 
00 00 00 00 00 00 00 72 
00 00 00 00 00 00 00 73 
00 00 00 00 00 00 00 74 
00 00 00 00 00 00 00 77 
00 00 00 00 00 00 00 78 
00 00 00 00 00 00 00 80 
00 00 00 00 00 00 01 00 
00 00 00 00 00 00 02 00 
00 00 00 00 00 00 04 00 
00 00 00 00 00 00 08 00 
00 00 00 00 00 00 00 2d 
00 00 00 00 00 00 00 00 
00 00 00 00 00 00 00 20 
00 00 00 00 00 00 00 2d 
00 00 00 00 00 00 00 72 
00 00 00 00 00 00 00 77 
00 00 00 00 00 00 00 78 
00 00 00 00 00 00 00 72 
00 00 00 00 00 00 00 77 
