00 00 00 00 00 00 00 00 
00 00 00 00 00 00 00 01 
00 00 00 00 00 00 00 02 
00 00 00 00 00 00 00 04 
00 00 00 00 00 00 00 0a 
00 00 00 00 00 00 00 1f 
00 00 00 00 3b 9a ca 00 
00 00 00 00 77 35 94 00 
00 00 00 00 ff ff ff fe 
00 00 00 00 ff ff ff ff 
00 00 00 00 00 00 00 00 
00 00 00 00 00 00 00 01 
00 00 00 00 00 00 00 02 
00 00 00 00 00 00 00 0a 
00 00 00 00 00 00 00 14 
00 00 00 00 00 00 00 64 
00 00 00 00 00 00 00 00 
00 00 00 00 00 00 00 10 
00 00 00 00 00 00 00 01 
00 00 00 00 00 00 00 0a 
00 00 00 00 00 00 00 14 
00 00 00 00 00 00 01 00 
00 00 00 00 00 00 00 01 
