00 00 00 00 00 00 00 00 
00 00 00 00 00 00 00 01 
00 00 00 00 00 00 00 02 
00 00 00 00 00 00 00 06 
00 00 00 00 00 00 00 07 
00 00 00 00 00 00 00 0d 
00 00 00 00 00 00 00 3f 
00 00 00 00 00 00 00 45 
00 00 00 00 00 00 01 80 
00 00 00 00 ff ff ff ff 
18 45 c8 a0 ce 51 29 57 
43 e0 00 00 00 00 00 00 
ff ff ff ff ff ff ff ff 
00 00 00 00 00 00 00 00 
00 00 00 00 00 00 00 01 
00 00 00 00 00 00 20 00 
00 00 00 00 00 00 00 00 
00 00 00 00 00 00 00 01 
00 00 00 00 00 00 00 03 
00 00 00 00 00 00 00 0a 
