00 00 00 00 00 00 00 00 
00 00 00 00 00 00 00 01 
00 00 00 00 00 00 00 02 
00 00 00 00 00 00 00 03 
00 00 00 00 00 00 00 04 
00 00 00 00 00 00 00 08 
00 00 00 00 00 00 00 0a 
00 00 00 00 00 00 00 20 
00 00 00 00 00 00 00 7d 
00 00 00 00 00 00 00 98 
00 00 00 00 00 00 00 ff 
00 00 00 00 00 00 01 00 
00 00 00 00 00 00 01 24 
00 00 00 00 00 00 03 e8 
00 00 00 00 00 00 03 ff 
00 00 00 00 ff ff ff df 
00 00 00 00 ff ff ff ff 
20 c4 9b a5 e3 53 f7 cf 
00 00 00 00 00 00 00 00 
00 00 00 00 00 00 00 01 
00 00 00 00 00 00 00 00 
00 00 00 00 00 00 00 08 
00 00 00 00 00 00 00 00 
