00 00 00 00 00 00 00 00 
00 00 00 00 00 00 00 01 
00 00 00 00 00 00 00 02 
00 00 00 00 00 00 00 03 
00 00 00 00 00 00 00 04 
00 00 00 00 00 00 00 08 
00 00 00 00 00 00 00 10 
00 00 00 00 00 00 00 42 
00 00 00 00 00 00 00 46 
00 00 00 00 00 00 00 48 
00 00 00 00 00 00 00 50 
00 00 00 00 00 00 00 54 
00 00 00 00 00 00 00 61 
00 00 00 00 00 00 00 68 
00 00 00 00 00 00 00 69 
00 00 00 00 00 00 00 6b 
00 00 00 00 00 00 00 6c 
00 00 00 00 00 00 00 6d 
00 00 00 00 00 00 00 74 
00 00 00 00 00 00 00 76 
00 00 00 00 00 00 00 78 
00 00 00 00 00 00 00 80 
00 00 00 00 00 00 00 81 
00 00 00 00 00 00 00 82 
00 00 00 00 00 00 00 83 
00 00 00 00 00 00 00 90 
00 00 00 00 00 00 00 b0 
00 00 00 00 00 00 04 00 
00 00 00 00 00 10 00 00 
00 00 00 00 ff ff ff 7d 
00 00 00 00 ff ff ff 7e 
00 00 00 00 ff ff ff ff 
00 00 00 00 00 00 00 00 
00 00 00 00 00 00 00 01 
00 00 00 00 00 00 00 02 
00 00 00 00 00 00 00 03 
00 00 00 00 00 00 00 04 
00 00 00 00 00 00 00 90 
00 00 00 00 00 00 00 b0 
00 00 00 00 00 00 02 00 
00 00 00 00 00 00 04 00 
00 00 00 00 00 10 00 00 
00 00 00 00 00 00 00 06 
00 00 00 00 00 6c 6c 61 
00 00 00 00 00 00 00 00 
00 00 00 00 00 00 00 01 
00 00 00 00 00 00 00 90 
00 00 00 00 00 00 00 00 
00 00 00 00 00 00 00 01 
00 00 00 00 00 00 00 08 
00 00 00 00 00 00 00 03 
00 00 00 00 00 00 01 00 
