_init:
defaultdict(<class 'list'>, {'ir_3': [0], 'ir_0': [20, 4], 'ir_4': [20, 4], 'ir_7': [20, 4], 'ir_1': [0, 576460752303357944], 'ir_5': [0, 576460752303357944], 'ir_8': [0, 576460752303357944], 'ir_2': [0, 8], 'ir_6': [0, 8], 'ir_9': [0, 8]})
sub_4000510:
defaultdict(<class 'list'>, {})
_start:
defaultdict(<class 'list'>, {'ir_4': [0], 'ir_5': [0], 'ir_3': [576460752303357960], 'ir_6': [576460752303357960], 'ir_0': [20], 'ir_7': [20], 'ir_1': [576460752303357952], 'ir_8': [576460752303357952], 'ir_2': [0], 'ir_9': [0], 's_8': [0], 'ir_11': [67110784], 'ir_12': [67110672], 'ir_13': [67110474], 'ir_10': [0]})
sub_400056a:
defaultdict(<class 'list'>, {})
deregister_tm_clones:
defaultdict(<class 'list'>, {'ir_0': [69210128], 'ir_1': [69210128, 0], 'ir_5': [69210128, 0], 'ir_2': [8, 20], 'ir_6': [8, 20], 'ir_3': [69210128, 0], 'ir_7': [69210128, 0], 'ir_4': [69210128, 0], 'ir_8': [69210128, 0]})
register_tm_clones:
defaultdict(<class 'list'>, {'ir_0': [69210128], 'ir_10': [0, 0], 'ir_14': [0, 0], 'ir_24': [0, 0], 'ir_2': [36, 20], 'ir_6': [36, 20], 'ir_11': [36, 20], 'ir_15': [36, 20], 'ir_19': [36, 20], 'ir_25': [36, 20], 'ir_3': [0, 0], 'ir_7': [0, 0], 'ir_12': [0, 0], 'ir_16': [0, 0], 'ir_20': [0, 0], 'ir_26': [0, 0], 'ir_4': [0, 0], 'ir_8': [0, 0], 'ir_13': [0, 0], 'ir_17': [0, 0], 'ir_21': [0, 0], 'ir_27': [0, 0], 'ir_1': [0], 'ir_5': [0], 'ir_9': [0], 'ir_18': [0], 'ir_22': [0]})
__do_global_dtors_aux:
defaultdict(<class 'list'>, {'ir_0': [5, 8], 'ir_3': [5, 8], 'ir_1': [0, 0], 'ir_4': [0, 0], 'ir_2': [0, 0], 'ir_5': [0, 0], 's_8': [0, 0, 1, 1, 1, 1], 'ir_6': [69210120]})
frame_dummy:
defaultdict(<class 'list'>, {})
main:
defaultdict(<class 'list'>, {'s_8': [0, 0], 's_28': [0, 0, 0, 0, 0, 1, 1, 1, 1, 1, 2, 2, 2, 2, 2, 3, 3, 3, 3, 3, 4, 4, 4, 4, 4, 1, 1, 1, 1, 1, 5, 5, 5, 5, 5, 3, 3, 3, 3, 3, 7, 7, 7, 7, 7, 8, 8, 8, 8, 8], 'ir_7': [7], 'ir_21': [7], 'ir_0': [3], 'ir_4': [3], 'ir_9': [3], 'ir_14': [3], 'ir_18': [3], 'ir_23': [3], 'ir_1': [1], 'ir_5': [1], 'ir_10': [1], 'ir_15': [1], 'ir_19': [1], 'ir_24': [1], 'ir_2': [7], 'ir_6': [7], 'ir_11': [7], 'ir_16': [7], 'ir_20': [7], 'ir_25': [7], 'ir_28': [1, 5, 3, 7, 8], 'ir_32': [1, 5, 3, 7, 8], 'ir_36': [1, 5, 3, 7, 8], 'ir_40': [1, 5, 3, 7, 8], 'ir_44': [1, 5, 3, 7, 8], 'ir_29': [67110804, 67110809, 67110814, 67110819, 67110824], 'ir_33': [67110804, 67110809, 67110814, 67110819, 67110824], 'ir_37': [67110804, 67110809, 67110814, 67110819, 67110824], 'ir_41': [67110804, 67110809, 67110814, 67110819, 67110824], 'ir_45': [67110804, 67110809, 67110814, 67110819, 67110824], 'ir_3': [0, 0, 0, 0, 0, 0, 0, 0, 0, 0], 'ir_8': [0, 0, 0, 0, 0, 0, 0, 0, 0, 0], 'ir_12': [0, 0, 0, 0, 0, 0, 0, 0, 0, 0], 'ir_13': [0, 0, 0, 0, 0, 0, 0, 0, 0, 0], 'ir_17': [0, 0, 0, 0, 0, 0, 0, 0, 0, 0], 'ir_22': [0, 0, 0, 0, 0, 0, 0, 0, 0, 0], 'ir_26': [0, 0, 0, 0, 0, 0, 0, 0, 0, 0], 'ir_27': [0, 0, 0, 0, 0, 0, 0, 0, 0, 0], 'ir_30': [0, 0, 0, 0, 0, 0, 0, 0, 0, 0], 'ir_31': [0, 0, 0, 0, 0, 0, 0, 0, 0, 0], 'ir_34': [0, 0, 0, 0, 0, 0, 0, 0, 0, 0], 'ir_35': [0, 0, 0, 0, 0, 0, 0, 0, 0, 0], 'ir_38': [0, 0, 0, 0, 0, 0, 0, 0, 0, 0], 'ir_39': [0, 0, 0, 0, 0, 0, 0, 0, 0, 0], 'ir_42': [0, 0, 0, 0, 0, 0, 0, 0, 0, 0], 'ir_43': [0, 0, 0, 0, 0, 0, 0, 0, 0, 0], 'ir_46': [0, 0, 0, 0, 0, 0, 0, 0, 0, 0]})
__libc_csu_init:
defaultdict(<class 'list'>, {'s_8': [0], 's_10': [0], 'ir_0': [0, 0], 'ir_3': [0, 0], 'ir_69': [0, 0], 's_18': [0], 's_20': [0], 'ir_5': [69209528, 0], 'ir_6': [69209528, 0], 'ir_66': [69209528, 0], 's_28': [0], 's_30': [0], 'ir_4': [0, 0], 'ir_9': [0, 0], 'ir_67': [0, 0], 'ir_1': [0, 0], 'ir_11': [0, 0], 'ir_68': [0, 0], 'ir_12': [36, 20, 19, 4, 8, 4], 'ir_15': [36, 20, 19, 4, 8, 4], 'ir_18': [36, 20, 19, 4, 8, 4], 'ir_21': [36, 20, 19, 4, 8, 4], 'ir_24': [36, 20, 19, 4, 8, 4], 'ir_31': [36, 20, 19, 4, 8, 4], 'ir_35': [36, 20, 19, 4, 8, 4], 'ir_62': [36, 20, 19, 4, 8, 4], 'ir_13': [1, 1, 0, 576460752303357896, 1, 576460752303357896], 'ir_16': [1, 1, 0, 576460752303357896, 1, 576460752303357896], 'ir_19': [1, 1, 0, 576460752303357896, 1, 576460752303357896], 'ir_22': [1, 1, 0, 576460752303357896, 1, 576460752303357896], 'ir_25': [1, 1, 0, 576460752303357896, 1, 576460752303357896], 'ir_32': [1, 1, 0, 576460752303357896, 1, 576460752303357896], 'ir_36': [1, 1, 0, 576460752303357896, 1, 576460752303357896], 'ir_63': [1, 1, 0, 576460752303357896, 1, 576460752303357896], 'ir_14': [2, 0, 0, 8, 1, 8], 'ir_17': [2, 0, 0, 8, 1, 8], 'ir_20': [2, 0, 0, 8, 1, 8], 'ir_23': [2, 0, 0, 8, 1, 8], 'ir_26': [2, 0, 0, 8, 1, 8], 'ir_33': [2, 0, 0, 8, 1, 8], 'ir_37': [2, 0, 0, 8, 1, 8], 'ir_64': [2, 0, 0, 8, 1, 8], 'ir_7': [0, 1, 0], 'ir_27': [0, 1, 0], 'ir_34': [0, 1, 0], 'ir_65': [0, 1, 0], 'ir_2': [0], 'ir_28': [0], 'ir_45': [0], 'ir_10': [0], 'ir_29': [0], 'ir_46': [0], 'ir_8': [0], 'ir_30': [0], 'ir_47': [0]})
__libc_csu_fini:
defaultdict(<class 'list'>, {})
_fini:
defaultdict(<class 'list'>, {'ir_0': [4], 'ir_3': [4], 'ir_1': [576460752303357944], 'ir_4': [576460752303357944], 'ir_2': [8], 'ir_5': [8]})
