00 00 00 00 00 00 00 00 
00 00 00 00 00 00 00 01 
00 00 00 00 00 00 00 02 
00 00 00 00 00 00 00 03 
00 00 00 00 00 00 00 04 
00 00 00 00 00 00 00 07 
00 00 00 00 00 00 00 08 
00 00 00 00 00 00 00 10 
00 00 00 00 00 00 00 2b 
00 00 00 00 00 00 00 2c 
00 00 00 00 00 00 00 2d 
00 00 00 00 00 00 00 30 
00 00 00 00 00 00 00 38 
00 00 00 00 00 00 00 3d 
00 00 00 00 00 00 00 49 
00 00 00 00 00 00 00 58 
00 00 00 00 00 00 00 61 
00 00 00 00 00 00 00 67 
00 00 00 00 00 00 00 6f 
00 00 00 00 00 00 00 75 
00 00 00 00 00 00 00 92 
00 00 00 00 00 00 01 24 
00 00 00 00 00 00 01 c0 
00 00 00 00 00 00 02 00 
00 00 00 00 00 00 02 07 
00 00 00 00 00 00 03 ff 
00 00 00 00 00 00 04 38 
00 00 00 00 00 00 09 c0 
00 00 00 00 00 00 0c 00 
00 00 00 00 00 00 0f ff 
00 00 00 00 00 00 00 00 
00 00 00 00 00 00 00 01 
00 00 00 00 00 00 00 02 
00 00 00 00 00 00 00 03 
00 00 00 00 00 00 00 07 
00 00 00 00 00 00 00 38 
00 00 00 00 00 00 00 79 
00 00 00 00 00 00 00 ba 
00 00 00 00 00 00 01 3c 
00 00 00 00 00 00 01 c0 
00 00 00 00 00 00 02 07 
00 00 00 00 00 00 02 38 
00 00 00 00 00 00 04 38 
00 00 00 00 00 00 09 c0 
00 00 00 00 00 00 0c 38 
00 00 00 00 00 00 0f ff 
00 00 00 00 00 00 00 00 
00 00 00 00 00 00 00 10 
00 00 00 00 00 00 00 01 
00 00 00 00 00 00 0f ff 
00 00 00 00 00 00 00 01 
00 00 00 00 00 00 00 03 
00 00 00 00 00 00 00 00 
00 00 00 00 00 00 00 38 
