[5, 4, 0.8, {134518087}]
[9, 8, 0.8888888888888888, {134519211}]
[6, 5, 0.8333333333333334, {134519268}]
[11, 9, 0.8181818181818182, {134519388, 134519398}]
[21, 18, 0.8571428571428571, {134519666, 134519644, 134519567}]
[153, 114, 0.7450980392156863, {134521220, 134521861, 134521851, 134520201, 134520973, 134521489, 134521105, 134522006, 134520215, 134522139, 134522267, 134520226, 134520613, 134520230, 134521513, 134521641, 134521257, 134520623, 134520245, 134520118, 134520631, 134521658, 134520639, 134519875, 134520772, 134520901, 134520261, 134520647, 134520185, 134520398, 134520655, 134521169, 134520786, 134521428, 134520277, 134521961, 134520821, 134521977, 134520571}]
[18, 17, 0.9444444444444444, {134522715}]
[37, 28, 0.7567567567567568, {134525474, 134525925, 134525318, 134525671, 134525965, 134525790, 134525079, 134524921, 134525246}]
[9, 8, 0.8888888888888888, {134526677}]
[6, 5, 0.8333333333333334, {134526846}]
[5, 4, 0.8, {134526931}]
[14, 13, 0.9285714285714286, {134527313}]
[7, 6, 0.8571428571428571, {134527429}]
[9, 8, 0.8888888888888888, {134527547}]
[11, 10, 0.9090909090909091, {134527725}]
[68, 64, 0.9411764705882353, {134528545, 134527955, 134528460, 134527839}]
[6, 5, 0.8333333333333334, {134528802}]


