00 00 00 00 00 00 00 00 
00 00 00 00 00 00 00 01 
00 00 00 00 00 00 00 02 
00 00 00 00 00 00 00 08 
00 00 00 00 00 00 01 00 
00 00 00 00 00 00 01 01 
00 00 00 00 00 00 01 02 
00 00 00 00 ff ff ff 7d 
00 00 00 00 ff ff ff 7e 
00 00 00 00 ff ff ff ff 
00 00 00 00 00 00 00 00 
00 00 00 00 00 00 00 01 
00 00 00 00 00 00 00 7e 
00 00 00 00 00 00 00 7f 
00 00 00 00 00 00 00 06 
00 00 00 00 00 00 00 7d 
00 00 00 00 00 00 00 00 
00 00 00 00 00 00 00 08 
00 00 00 00 00 00 00 04 
00 00 00 00 00 00 00 01 
