00 00 00 00 00 00 00 00 
00 00 00 00 00 00 00 01 
00 00 00 00 00 00 00 03 
00 00 00 00 00 00 00 08 
00 00 00 00 00 00 00 47 
00 00 00 00 00 00 00 5a 
00 00 00 00 00 00 00 61 
00 00 00 00 00 00 00 67 
00 00 00 00 00 00 00 6e 
00 00 00 00 00 00 00 72 
00 00 00 00 00 00 00 75 
00 00 00 00 00 00 00 7a 
00 00 00 00 ff ff ff 7d 
00 00 00 00 ff ff ff 7e 
00 00 00 00 ff ff ff ff 
00 00 00 00 00 00 00 00 
00 00 00 00 00 00 00 01 
00 00 00 00 00 00 00 02 
00 00 00 00 00 00 00 06 
00 00 00 00 00 00 00 00 
00 00 00 00 00 00 00 01 
00 00 00 00 00 00 00 08 
