00 00 00 00 00 00 00 00 
00 00 00 00 00 00 00 01 
00 00 00 00 00 00 00 02 
00 00 00 00 00 00 00 03 
00 00 00 00 00 00 00 04 
00 00 00 00 00 00 00 08 
00 00 00 00 00 00 00 20 
00 00 00 00 00 00 00 2b 
00 00 00 00 00 00 00 49 
00 00 00 00 00 00 00 52 
00 00 00 00 00 00 00 64 
00 00 00 00 00 00 00 66 
00 00 00 00 00 00 00 72 
00 00 00 00 00 00 00 73 
00 00 00 00 00 00 00 75 
00 00 00 00 00 00 00 80 
00 00 00 00 00 00 00 81 
00 00 00 00 ff ff ff 7d 
00 00 00 00 ff ff ff 7e 
00 00 00 00 ff ff ff ff 
00 00 00 00 00 00 00 00 
00 00 00 00 00 00 00 01 
00 00 00 00 00 00 00 02 
00 00 00 00 00 00 00 06 
00 00 00 00 00 00 00 00 
00 00 00 00 00 00 00 01 
00 00 00 00 00 02 00 6c 
00 00 00 00 00 00 00 08 
00 00 00 00 00 00 00 10 
00 00 00 00 00 00 00 04 
00 00 00 00 00 00 00 07 
00 00 00 00 00 00 00 03 
