00 00 00 00 00 00 00 00 
00 00 00 00 00 00 00 01 
00 00 00 00 00 00 00 02 
00 00 00 00 00 00 00 08 
00 00 00 00 00 00 00 09 
00 00 00 00 00 00 00 62 
00 00 00 00 00 00 00 63 
00 00 00 00 00 00 00 64 
00 00 00 00 00 00 00 66 
00 00 00 00 00 00 00 73 
00 00 00 00 00 00 00 7a 
00 00 00 00 00 00 00 80 
00 00 00 00 00 00 00 81 
00 00 00 00 ff ff ff 7d 
00 00 00 00 ff ff ff 7e 
00 00 00 00 ff ff ff ff 
00 00 00 00 00 00 00 00 
00 00 00 00 00 00 00 01 
00 00 00 00 00 00 00 02 
00 00 00 00 00 00 00 09 
00 00 00 00 00 00 00 06 
00 00 00 00 00 00 00 00 
00 00 00 00 00 00 00 01 
00 00 00 00 00 00 00 04 
00 00 00 00 00 00 00 04 
00 00 00 00 00 00 00 06 
00 00 00 00 00 00 00 08 
