00 00 00 00 00 00 00 00 
00 00 00 00 00 00 00 01 
00 00 00 00 00 00 00 02 
00 00 00 00 00 00 00 03 
00 00 00 00 00 00 00 04 
00 00 00 00 00 00 00 05 
00 00 00 00 00 00 00 06 
00 00 00 00 00 00 00 07 
00 00 00 00 00 00 00 08 
00 00 00 00 00 00 00 2b 
00 00 00 00 00 00 00 3f 
00 00 00 00 00 00 00 50 
00 00 00 00 00 00 00 83 
00 00 00 00 00 00 00 90 
00 00 00 00 00 00 00 b0 
00 00 00 00 00 00 04 00 
00 00 00 00 ff ff ff ff 
aa aa aa aa aa aa aa ab 
00 00 00 00 00 00 00 00 
00 00 00 00 00 00 00 01 
00 00 00 00 00 00 00 02 
00 00 00 00 00 00 00 03 
00 00 00 00 00 00 00 04 
00 00 00 00 00 00 00 05 
00 00 00 00 00 00 00 06 
00 00 00 00 00 00 00 08 
00 00 00 00 00 00 00 1a 
00 00 00 00 00 00 00 1b 
00 00 00 00 00 00 00 50 
00 00 00 00 00 00 00 90 
00 00 00 00 00 00 00 b0 
00 00 00 00 00 00 04 00 
00 00 00 00 00 00 00 07 
00 00 00 00 00 00 00 00 
00 00 00 00 00 00 00 01 
00 00 00 00 00 00 00 03 
00 00 00 00 00 00 54 13 
00 00 00 00 00 6c 6c 61 
00 00 00 00 00 00 00 02 
00 00 00 00 00 00 00 50 
00 00 00 00 00 00 00 04 
00 00 00 00 00 00 00 10 
00 00 00 00 00 00 00 05 
00 00 00 00 00 00 00 00 
00 00 00 00 00 00 00 02 
00 00 00 00 00 00 00 20 
00 00 00 00 00 00 00 3a 
00 00 00 00 00 00 00 06 
00 00 00 00 00 00 00 00 
00 00 00 00 00 00 00 06 
00 00 00 00 00 00 00 0a 
