00 00 00 00 00 00 00 00 
00 00 00 00 00 00 00 01 
00 00 00 00 00 00 00 02 
00 00 00 00 00 00 00 03 
00 00 00 00 00 00 00 04 
00 00 00 00 00 00 00 05 
00 00 00 00 00 00 00 06 
00 00 00 00 00 00 00 08 
00 00 00 00 00 00 00 09 
00 00 00 00 00 00 00 0f 
00 00 00 00 00 00 00 10 
00 00 00 00 00 00 00 18 
00 00 00 00 00 00 00 1f 
00 00 00 00 00 00 00 2f 
00 00 00 00 00 00 00 3d 
00 00 00 00 00 00 00 c8 
00 00 00 00 00 00 20 00 
00 00 00 00 00 00 40 00 
00 00 00 00 00 00 60 00 
00 00 00 00 00 00 80 00 
00 00 00 00 00 00 a0 00 
00 00 00 00 00 00 f0 00 
00 00 00 00 80 00 00 00 
00 00 00 00 ff ff ff ff 
00 00 00 00 00 00 00 00 
00 00 00 00 00 00 00 01 
00 00 00 00 00 00 00 02 
00 00 00 00 00 00 00 03 
00 00 00 00 00 00 00 05 
00 00 00 00 00 00 00 06 
00 00 00 00 00 00 00 09 
00 00 00 00 00 00 00 00 
00 00 00 00 00 00 0c ee 
00 00 00 00 00 00 01 90 
00 00 00 00 00 00 00 c8 
00 00 00 00 00 00 00 02 
00 00 00 00 00 00 00 18 
00 00 00 00 00 00 00 13 
00 00 00 00 00 00 00 12 
00 00 00 00 00 00 00 14 
00 00 00 00 00 00 00 15 
00 00 00 00 00 00 00 0e 
00 00 00 00 00 00 00 10 
00 00 00 00 00 00 02 00 
00 00 00 00 00 00 00 11 
00 00 00 00 00 00 00 03 
00 00 00 00 00 00 00 01 
