00 00 00 00 00 00 00 00 
00 00 00 00 00 00 00 01 
00 00 00 00 00 00 00 02 
00 00 00 00 00 00 00 03 
00 00 00 00 00 00 00 04 
00 00 00 00 00 00 00 08 
00 00 00 00 00 00 00 64 
00 00 00 00 00 00 00 6d 
80 00 00 00 00 00 00 00 
ff ff ff ff ff ff ff ff 
00 00 00 00 00 00 00 00 
00 00 00 00 00 00 00 01 
00 00 00 00 00 00 00 02 
00 00 00 00 00 00 00 04 
00 00 00 00 00 00 00 64 
00 00 00 00 00 00 00 06 
00 00 00 00 00 00 00 02 
00 00 00 00 00 00 00 0d 
00 00 00 00 00 00 00 0e 
00 00 00 00 00 00 00 00 
00 00 00 00 00 00 00 1e 
00 00 00 00 00 00 00 0c 
00 00 00 00 00 00 00 c8 
00 00 00 00 00 00 00 64 
00 00 00 00 00 00 00 01 
00 00 00 00 00 00 00 03 
00 00 00 00 00 00 00 0a 
00 00 00 00 00 00 06 ef 
00 00 00 00 00 00 07 23 
00 00 00 00 00 00 00 13 
