00 00 00 00 00 00 00 00 
00 00 00 00 00 00 00 01 
00 00 00 00 00 00 00 02 
00 00 00 00 00 00 00 03 
00 00 00 00 00 00 00 08 
00 00 00 00 00 00 00 41 
00 00 00 00 00 00 00 43 
00 00 00 00 00 00 00 63 
00 00 00 00 00 00 00 64 
00 00 00 00 00 00 00 73 
00 00 00 00 00 00 00 74 
00 00 00 00 00 00 00 ff 
00 00 00 00 00 00 01 00 
00 00 00 00 00 00 02 00 
00 00 00 00 ff ff ff 7d 
00 00 00 00 ff ff ff 7e 
00 00 00 00 ff ff ff ff 
00 00 00 00 00 00 00 00 
00 00 00 00 00 00 00 01 
00 00 00 00 00 00 00 02 
00 00 00 00 00 00 00 06 
00 00 00 00 00 00 00 00 
00 00 00 00 00 00 00 03 
00 00 00 00 00 00 00 10 
00 00 00 00 00 00 00 18 
00 00 00 00 00 00 00 01 
00 00 00 00 00 00 00 02 
00 00 00 00 00 00 20 00 
00 00 00 00 00 00 00 00 
00 00 00 00 00 00 00 01 
00 00 00 00 00 00 07 62 
00 00 00 00 00 00 07 2d 
