00 00 00 00 00 00 00 00 
00 00 00 00 00 00 00 01 
00 00 00 00 00 00 00 02 
00 00 00 00 00 00 00 03 
00 00 00 00 00 00 00 05 
00 00 00 00 00 00 00 08 
00 00 00 00 00 00 00 0a 
00 00 00 00 00 00 00 0c 
00 00 00 00 00 00 00 0d 
00 00 00 00 00 00 00 20 
00 00 00 00 00 00 00 2e 
00 00 00 00 00 00 00 78 
00 00 00 00 00 00 40 00 
00 00 00 00 00 00 80 00 
00 00 00 00 00 00 a0 00 
00 00 00 00 00 00 f0 00 
ff ff ff ff ff ff ff ff 
00 00 00 00 00 00 00 00 
00 00 00 00 00 00 00 01 
00 00 00 00 00 00 01 00 
00 00 00 00 00 00 00 90 
00 00 00 00 00 00 00 00 
