00 00 00 00 00 00 00 00 
00 00 00 00 00 00 00 01 
00 00 00 00 00 00 00 02 
00 00 00 00 00 00 00 08 
00 00 00 00 00 00 00 09 
00 00 00 00 00 00 01 80 
00 00 00 00 00 00 04 41 
00 00 00 00 00 00 00 00 
00 00 00 00 00 00 00 01 
00 00 00 00 00 00 00 02 
00 00 00 00 00 00 00 7d 
00 00 00 00 00 00 00 7e 
00 00 00 00 00 00 00 7f 
00 00 00 00 00 00 01 80 
00 00 00 00 00 00 04 41 
00 00 00 00 00 00 00 06 
00 00 00 00 00 00 00 7d 
00 00 00 00 00 00 00 7f 
00 00 00 00 00 00 00 00 
00 00 00 00 00 00 00 01 
00 00 00 00 00 00 00 02 
00 00 00 00 00 00 00 03 
00 00 00 00 00 00 04 06 
00 00 00 00 00 00 01 80 
00 00 00 00 00 00 04 41 
00 00 00 00 00 00 00 04 
00 00 00 00 00 00 00 7d 
