00 00 00 00 00 00 00 00 
00 00 00 00 00 00 00 01 
00 00 00 00 00 00 00 02 
00 00 00 00 00 00 00 03 
00 00 00 00 00 00 00 04 
00 00 00 00 00 00 00 08 
00 00 00 00 00 00 00 0c 
00 00 00 00 00 00 00 10 
00 00 00 00 00 00 00 20 
00 00 00 00 00 00 00 3f 
00 00 00 00 00 00 00 ff 
00 00 00 00 00 40 00 00 
00 00 00 00 ff ff ff ff 
1f ff ff ff ff ff ff fe 
ff ff ff ff ff ff ff fe 
ff ff ff ff ff ff ff ff 
00 00 00 00 00 00 00 00 
00 00 00 00 00 00 00 01 
00 00 00 00 00 00 00 02 
00 00 00 00 00 00 00 04 
00 00 00 00 00 00 00 06 
00 00 00 00 00 00 00 08 
00 00 00 00 00 00 00 0c 
00 00 00 00 00 00 00 1d 
00 00 00 00 00 00 00 1e 
00 00 00 00 00 00 00 1f 
00 00 00 00 00 00 00 20 
00 00 00 00 00 00 00 1d 
00 00 00 00 00 00 00 1e 
00 00 00 00 00 00 00 1f 
00 00 00 00 00 00 00 00 
00 00 00 00 00 00 00 04 
00 00 00 00 00 00 00 00 
00 00 00 00 00 00 00 02 
00 00 00 00 00 00 00 01 
00 00 00 00 00 00 00 10 
00 00 00 00 00 00 00 00 
00 00 00 00 00 00 00 01 
