00 00 00 00 00 00 00 00 
00 00 00 00 00 00 00 01 
00 00 00 00 00 00 00 02 
00 00 00 00 00 00 00 04 
00 00 00 00 00 00 00 08 
00 00 00 00 00 00 00 0c 
00 00 00 00 00 00 00 10 
00 00 00 00 00 00 00 30 
00 00 00 00 00 00 00 3f 
00 00 00 00 00 00 0f bf 
ff ff ff ff ff ff ff fe 
ff ff ff ff ff ff ff ff 
00 00 00 00 00 00 00 00 
00 00 00 00 00 00 00 01 
00 00 00 00 00 00 00 02 
00 00 00 00 00 00 00 18 
00 00 00 00 00 00 00 00 
00 00 00 00 00 00 00 02 
00 00 00 00 00 00 00 60 
00 00 00 00 00 00 00 10 
