00 00 00 00 00 00 00 00 
00 00 00 00 00 00 00 01 
00 00 00 00 00 00 00 08 
00 00 00 00 00 00 00 10 
00 00 00 00 00 00 00 48 
00 00 00 00 00 00 00 4c 
00 00 00 00 00 00 00 50 
00 00 00 00 00 00 00 52 
00 00 00 00 00 00 00 63 
00 00 00 00 00 00 00 66 
00 00 00 00 00 00 00 68 
00 00 00 00 00 00 00 76 
00 00 00 00 00 00 00 80 
00 00 00 00 00 00 00 81 
00 00 00 00 00 00 00 83 
00 00 00 00 00 00 00 84 
00 00 00 00 00 00 04 00 
00 00 00 00 ff ff ff 7d 
00 00 00 00 ff ff ff 7e 
00 00 00 00 ff ff ff ff 
00 00 00 00 00 00 00 00 
00 00 00 00 00 00 00 01 
00 00 00 00 00 00 00 02 
00 00 00 00 00 00 00 10 
00 00 00 00 00 00 00 11 
00 00 00 00 00 00 04 10 
00 00 00 00 00 00 00 06 
00 00 00 00 00 00 00 00 
00 00 00 00 00 00 00 01 
00 00 00 00 00 00 00 08 
00 00 00 00 00 00 00 04 
00 00 00 00 00 00 04 10 
