00 00 00 00 00 00 00 00 
00 00 00 00 00 00 00 01 
00 00 00 00 00 00 00 02 
00 00 00 00 00 00 00 07 
00 00 00 00 00 00 00 08 
00 00 00 00 00 00 00 09 
00 00 00 00 00 00 00 0a 
00 00 00 00 00 00 00 0b 
00 00 00 00 00 00 00 0c 
00 00 00 00 00 00 00 0d 
00 00 00 00 00 00 00 10 
00 00 00 00 00 00 00 1b 
00 00 00 00 00 00 00 2d 
00 00 00 00 00 00 00 30 
00 00 00 00 00 00 00 45 
00 00 00 00 00 00 00 5c 
00 00 00 00 00 00 00 65 
00 00 00 00 00 00 00 6e 
00 00 00 00 00 00 10 00 
00 00 00 00 00 00 00 00 
00 00 00 00 00 00 00 01 
00 00 00 00 00 00 00 07 
00 00 00 00 00 00 00 08 
00 00 00 00 00 00 00 09 
00 00 00 00 00 00 00 0a 
00 00 00 00 00 00 00 0b 
00 00 00 00 00 00 00 0c 
00 00 00 00 00 00 00 0d 
00 00 00 00 00 00 00 1b 
00 00 00 00 00 00 00 06 
00 00 00 00 00 00 00 00 
00 00 00 00 00 00 00 0a 
00 00 00 00 00 00 00 20 
00 00 00 00 00 00 00 5c 
