rm@_init	0	190020	
rm@sub_401ad4	7348	4358404	
rm@sub_401af4	21280	4358408	
rm@_ftext	
rm@sub_401b2c	-8	16	20	24	32	4358392	4358396	4358400	4358888	
rm@hlt	4201328	
rm@deregister_tm_clones	0	224	4201392	4358372	4390912	
rm@register_tm_clones	0	224	4201468	4390912	0	
rm@__do_global_dtors_aux	0	1	2	31820	31824	32500	4325376	4357872	4359088	4359092	4390912	0	1	2	3	1718579811	0	
rm@frame_dummy	4201400	
rm@select_plural	0	1000000	
rm@emit_ancillary_info	0	3	5	8	56	4282480	4282504	4282544	4282560	4282564	4282636	4282664	4282716	4282728	4358160	4359000	4359008	4391136	3	56	0	1526726656	5	0	
rm@diagnose_leading_hyphen	0	1	2	45	4202860	4283048	4359000	4391136	0	1	45	3	1	4	
rm@usage	0	4283088	4283128	4283164	4283324	4283700	4283924	4284180	4284356	4284404	4284460	4284616	4284740	4391136	0	
rm@rm_option_init	0	4	255	4358776	0	
rm@main	-131	-130	-1	0	1	2	3	4	6	31	73	74	82	100	102	105	106	114	118	128	129	130	131	132	255	371	4204908	4205072	4205268	4282544	4282728	4282752	4284968	4284972	4285012	4285032	4285088	4285092	4285200	4285208	4285224	4285260	4285300	4285340	4285368	4285396	4285408	4285432	4357880	4359000	4359104	4391136	1073741823	0	1	2	3	4	5	0	1	4	6	1718579811	0	0	371	1852143205	
rm@dot_or_dotdot	0	1	2	46	47	255	4206600	0	1	2	46	47	
rm@readdir_ignoring_dot_and_dotdot	0	1	19	255	4391136	
rm@is_empty_dir	-2147483648	0	1	255	198784	4358892	4391136	198784	0	
rm@cache_fstatat	-2147483648	-2	-1	0	31	4391136	0	
rm@cache_stat_init	-1	
rm@write_protected_non_symlink	-1	0	1	2	13	512	40960	61440	4391136	256	512	0	1	13	40960	2	
rm@prompt	-2147483648	-1	0	1	2	3	4	5	10	21	255	256	16384	40960	61440	4208668	4209292	4209344	4285440	4285460	4285508	4285540	4285576	4359000	4391136	0	1	2	3	4	5	10	21	16384	40960	0	4	0	2	4	10	0	256	
rm@nonexistent_file_errno	0	1	2	20	21	22	88	4209516	4209520	0	1	
rm@ignorable_missing	0	1	255	4209616	0	1	
rm@fts_skip_tree	
rm@mark_ancestor_dirs	-2147483648	0	1	
rm@excise	0	1	2	4	13	17	20	21	30	93	512	4285440	4285596	4285620	4359000	4391136	0	512	1	2	4	13	17	20	21	30	93	512	0	4	
rm@rm_fts	0	1	2	4	6	14	21	93	255	4211032	4212920	4213212	4213344	4213484	4213632	4213788	4285440	4285632	4285688	4285692	4285696	4285744	4285804	4285856	4285888	4285936	4285976	4286164	4286188	4359000	4391136	0	1	2	3	4	6	93	0	3	4	21	93	0	1	2	4	6	0	1	1	0	
rm@rm	0	2	3	4	64	536	609	4286324	4286340	4286356	4286376	4286396	4391136	2	3	4	0	609	536	600	0	
rm@__argmatch_die	
rm@sub_404f30	
rm@argmatch	-2	-1	0	1	2	4214964	4358896	4391136	0	1	
rm@argmatch_invalid	-1	0	4286416	4286444	4391136	0	8	0	1	
rm@argmatch_valid	0	1	2	10	4215728	4286476	4286500	4286508	4358904	4391136	0	1	0	10	
rm@__xargmatch_internal	-2147483648	-1	
rm@argmatch_to_argument	0	1	2	4391136	0	
rm@close_stdin_set_file_name	4390912	
rm@close_stdin	0	1	4286528	4286548	4286556	4358876	4359120	4391136	0	1	0	
rm@close_stdout_set_file_name	4390912	
rm@close_stdout_set_ignore_EPIPE	4390912	
rm@close_stdout	0	1	32	255	4286560	4286572	4286580	4358848	4359136	4359140	4391136	0	1	0	1	32	
rm@last_component	0	1	47	
rm@base_len	1	2	47	4358896	47	
rm@file_type	0	4096	8192	16384	24576	32768	40960	49152	61440	4286592	4286612	4286628	4286640	4286656	4286676	4286700	4286708	4286716	4391136	4096	8192	16384	24576	32768	40960	49152	
rm@file_name_concat	0	
rm@mfile_name_concat	0	1	46	47	255	4391136	0	47	
rm@priv_set_remove_linkdir	-1	
rm@priv_set_restore_linkdir	-1	
rm@set_program_name	0	1	3	7	47	55	4286736	4286792	4286800	4391136	1	47	1	3	7	55	
rm@clone_quoting_options	0	48	4358856	4391136	48	
rm@get_quoting_style	0	4359168	0	
rm@set_quoting_style	0	4359168	
rm@set_char_quoting	0	1	2	5	8	31	255	4359168	
rm@set_quoting_flags	0	4359168	0	
rm@set_custom_quoting	0	10	4359168	4391136	
rm@quoting_options_from_style	10	48	4359000	4391136	10	48	0	
rm@gettext_quote	0	9	96	4286968	4286972	4286984	4286988	4286992	4286996	4358904	9	96	
rm@quotearg_buffer	0	4391136	0	
rm@quotearg_alloc	
rm@quotearg_alloc_mem	0	1	4359168	4391136	0	
rm@quotearg_free	1	3	256	4358272	4358336	4358344	4359216	4390912	4391136	0	1	
rm@quotearg_n_options	-2147483648	0	1	3	4	4358272	4358336	4358340	4358344	4358856	4359216	4391136	268435454	1	0	
rm@quotearg_n	
rm@quotearg_n_mem	
rm@quotearg	
rm@quotearg_mem	
rm@quotearg_n_style	-1	4359000	4391136	0	
rm@quotearg_n_style_mem	4359000	4391136	0	
rm@quotearg_style	
rm@quotearg_style_mem	
rm@quotearg_char_mem	48	4359000	4359008	4359168	4391136	1	48	0	
rm@quotearg_char	
rm@quotearg_colon	
rm@quotearg_colon_mem	
rm@quotearg_n_style_colon	-1	48	4359000	4391136	0	1	48	58	
rm@quotearg_n_custom	
rm@quotearg_n_custom_mem	48	4359000	4359008	4359168	4391136	48	0	
rm@quotearg_custom	
rm@quotearg_custom_mem	
rm@quote_n_mem	
rm@quote_mem	
rm@quote_n	
rm@quote	
rm@get_root_dev_ino	0	4359000	4391136	0	
rm@statat	
rm@lstatat	
rm@version_etc_arn	0	2	10	2020	4231732	4231812	4231908	4232016	4232144	4232288	4232440	4232612	4232804	4233220	4233224	4287840	4287852	4287860	4287864	4288036	4288072	4288088	4288112	4288140	4288172	4288208	4288248	4288292	4288340	4288392	4391136	2020	10	
rm@version_etc_ar	0	1	2	
rm@version_etc_va	0	1	2	4	10	44	4359000	4391136	0	1	
rm@version_etc	4359000	4391136	0	
rm@emit_bug_reporting_address	10	4288492	4288512	4288536	4288556	4288596	4288612	4288652	4358848	4358984	4391136	10	
rm@can_write_any_file	0	1	255	4359472	4359473	4391136	0	1	
rm@xnmalloc	-2147483648	0	1	0	1	
rm@xnrealloc	-2147483648	0	1	0	1	
rm@x2nrealloc	-2147483648	0	1	64	255	64	0	1	
rm@xcharalloc	
rm@xmalloc	0	4358920	
rm@xrealloc	0	4235388	4391136	0	
rm@x2realloc	
rm@xzalloc	
rm@xcalloc	-2147483648	0	1	4391136	0	1	0	
rm@xmemdup	4391136	
rm@xstrdup	1	4358896	
rm@xalloc_die	0	4288736	4288756	4358568	4358904	4391136	1	22	0	512	41	
rm@xfts_open	0	22	41	512	4288768	4288780	4288796	4391136	22	41	
rm@cycle_warning_required	0	1	16	255	4236432	0	1	
rm@yesno	0	1	10	4358876	4359000	4359052	4391136	0	0	10	
rm@clear_ungetc_buffer_preserving_position	0	256	1	
rm@rpl_fflush	0	4237036	4391136	
rm@freadahead	0	256	4237208	0	
rm@rpl_fseeko	-17	-1	0	4237552	4391136	0	
rm@AD_compare	0	1	255	4237732	0	1	
rm@AD_hash	
rm@setup_dir	0	1	32	258	4238128	4391136	31	32	0	1	
rm@enter_dir	0	1	2	24	72	258	4238564	4391136	24	0	1	
rm@leave_dir	-2147483648	0	72	258	4239080	4359000	4391136	0	
rm@free_dir	0	258	4391136	
rm@fd_ring_clear	0	1	255	4391136	
rm@fts_set_stat_required	0	1	2	11	4391136	0	11	1	2	
rm@cwd_advance_fd	-2147483648	-100	0	4	60	4391136	
rm@restore_initial_cwd	-100	0	1	4	60	512	4240044	4240164	4391136	0	1	
rm@diropen	0	13	512	131072	592000	4240388	
rm@rpl_fts_open	-2147483648	-4096	-513	-100	-1	0	1	2	3	4	9	11	18	22	47	60	96	232	255	512	1024	2048	4096	4240948	4240992	4241348	4241816	4241884	4288816	4391136	0	1	11	47	0	1	96	0	1	0	
rm@fts_load	0	1	47	232	4359016	4391136	47	
rm@rpl_fts_close	-2147483648	-1	0	4	60	512	4391136	0	
rm@dev_type_hash	
rm@dev_type_compare	1	255	
rm@filesystem_type	-2147483648	0	16	512	4242996	4243136	4243804	4359000	4391136	0	0	13	16	
rm@dirent_inode_sort_may_be_useful	-11317950	0	1	26985	4243980	16914836	0	1	
rm@leaf_optimization	-11317950	0	1	2	26985	40864	40865	4244192	1397113167	1481003842	0	1	2	
rm@rpl_fts_read	-2147483648	-4097	-1	0	1	2	3	4	6	7	8	11	12	13	16	47	64	232	255	512	4096	8192	16384	61440	65535	4245136	4245664	4245828	4245832	4246144	4246300	4246668	4246852	4246964	4288820	4288824	4391136	0	1	2	3	4	6	7	11	47	16384	1	2	4	12	13	0	1	3	
rm@rpl_fts_set	0	1	2	3	4	22	65535	4247188	4391136	0	1	2	3	4	
rm@rpl_fts_children	-2147483648	0	1	2	4	9	22	47	512	4096	8192	4247888	4247892	4391136	0	1	2	9	47	4096	1	2	
rm@fts_compare_ino	-1	0	1	255	4248104	0	1	
rm@set_stat_type	0	2	13	4096	8192	16384	24576	32768	40960	49152	4248192	4248208	4248224	4248240	4248256	4248272	4248288	4248304	4248308	
rm@fts_build	-2147483648	-1	0	1	2	3	4	6	7	8	11	12	16	19	32	46	47	72	78	232	255	256	512	1024	1030	8192	10000	65535	100000	4247924	4248660	4248732	4249272	4249632	4249768	4250008	4250292	4250540	4250852	4250964	4251104	4251144	4251196	4251244	4251324	4251356	4251416	4251568	4251788	4251844	4288824	4359000	4391136	0	1	2	3	4	7	11	46	47	10000	0	4	6	7	47	131072	0	0	3	131072	0	1	0	1	1030	
rm@fts_stat	-1	0	1	2	3	5	8	10	12	13	32	46	72	160	256	16384	32768	40960	61440	4252320	4252464	4252480	4252664	4391136	256	0	1	2	3	5	8	10	12	13	46	16384	32768	40960	160	0	
rm@fts_compar	
rm@fts_sort	0	1	2	4	40	4253208	4359000	4391136	1073741824	4	0	
rm@fts_alloc	-8	0	3	232	240	4358920	4391136	0	
rm@fts_lfree	0	4391136	
rm@fts_palloc	0	1	78	256	4391136	0	1	
rm@fts_padjust	-2147483648	0	232	
rm@fts_maxarglen	0	1	4	4391136	1	
rm@fts_safe_changedir	-2147483648	-1	0	1	2	4	60	255	512	4254644	4255252	4255352	4288824	4359000	4391136	0	1	0	1	
rm@exchange	0	1	2	
rm@process_long_option	-1	0	1	2	4	10	16	45	58	61	63	4256752	4256820	4258356	4288880	4288912	4288960	4288968	4289000	4289048	4391136	0	1	45	61	63	0	10	0	
rm@_getopt_initialize	0	1	2	43	45	4258672	4289088	4391136	43	45	
rm@_getopt_internal_r	-1	0	1	2	43	45	58	59	63	87	4258936	4259220	4259588	4261448	4289104	4289112	4289140	4391136	0	58	63	1	43	45	58	59	63	87	
rm@rpl_getopt_internal	4358352	4358356	4359488	4359496	4359500	4391136	
rm@rpl_getopt	1	
rm@rpl_getopt_long	
rm@_getopt_long_r	
rm@rpl_getopt_long_only	
rm@_getopt_long_only_r	
rm@rpl_mbrtowc	-2	0	1	255	4262604	4289200	4359000	4391136	1	0	
rm@c_strcasecmp	0	1	0	
rm@close_stream	-1	0	1	9	255	4263172	4358944	4391136	0	9	
rm@is_zero_or_power_of_two	1	255	
rm@cycle_check_init	0	9827862	0	
rm@cycle_check	0	1	60	4263816	4263820	4289216	4289236	4289260	4391136	9827862	0	60	0	1	1	
rm@open_safer	0	256	4359000	4391136	0	
rm@hard_locale	0	1	255	257	4264284	4289280	4289284	4359000	4391136	257	0	0	1	
rm@hash_get_n_buckets	
rm@hash_get_n_buckets_used	
rm@hash_get_n_entries	
rm@hash_get_max_bucket_length	0	1	4	8	0	1	2	3	0	1	
rm@hash_table_ok	0	1	4	8	4264916	0	1	2	3	0	1	
rm@safe_hasher	3	4391136	
rm@hash_lookup	0	
rm@hash_get_first	0	8	4391136	0	
rm@hash_get_next	0	4	8	0	
rm@hash_get_entries	0	1	2	8	0	
rm@hash_do_for_each	0	1	8	255	0	
rm@hash_string	0	1	5	0	
rm@is_prime	0	1	2	3	255	3	4	5	6	7	9	25	49	3	5	9	
rm@next_prime	-1	0	1	2	10	255	11	
rm@hash_reset_tuning	0	4289440	4289444	4289448	
rm@raw_hasher	3	
rm@raw_comparator	1	255	
rm@hash_initialize	0	1	3	8	40	255	4267176	4267292	4268568	4289296	4391136	40	0	8	
rm@hash_clear	0	8	
rm@hash_free	0	8	4391136	
rm@allocate_entry	0	8	4391136	8	
rm@free_entry	0	
rm@hash_find_entry	0	
rm@transfer_entries	0	1	8	4270600	4270640	0	1	
rm@hash_rehash	0	1	3	8	255	4271356	4359000	4391136	0	1	8	0	
rm@hash_insert	-1	0	4359000	4391136	0	
rm@i_ring_init	0	1	2	4	1	
rm@i_ring_empty	
rm@i_ring_push	0	1	2	3	255	
rm@i_ring_pop	0	1	2	3	4391136	
rm@locale_charset	0	14	4289472	4289476	4358832	14	0	
rm@openat_safer	0	256	4359000	4391136	0	
rm@opendirat	-2147483648	0	592000	4391136	0	
rm@setlocale_null_androidfix	0	4358828	0	
rm@setlocale_null_unlocked	0	1	22	34	4391136	0	22	34	
rm@setlocale_null_r	
rm@setlocale_null	
rm@fd_safer	-2147483648	0	3	4391136	
rm@rpl_fclose	-2147483648	-1	0	4358852	4391136	0	
rm@rpl_fcntl	0	1	2	3	4	10	11	23	24	25	1024	1025	1026	1030	1032	1033	4276520	4276580	4359000	4391136	0	
rm@rpl_fcntl_DUPFD	0	4358872	0	
rm@rpl_fcntl_DUPFD_CLOEXEC	-2147483648	-1	0	1	2	22	1030	4276984	4359536	4391136	0	22	1	2	1030	
rm@rotl64	-1	0	1	31	32	63	
rm@rotr64	-1	0	1	31	32	63	
rm@rotl32	0	31	32	
rm@rotr32	31	32	
rm@rotl_sz	0	31	32	
rm@rotr_sz	31	32	
rm@rotl16	0	31	65535	16	
rm@rotr16	0	31	65535	16	
rm@rotl8	0	31	255	8	
rm@rotr8	0	31	255	8	
rm@c_isalnum	0	1	10	26	48	65	91	97	4278372	0	1	
rm@c_isalpha	0	1	65	91	4278468	0	1	
rm@c_isascii	0	1	128	0	1	
rm@c_isblank	0	1	9	32	255	4278624	0	1	9	32	
rm@c_iscntrl	-2147483648	0	1	32	4278720	0	1	
rm@c_isdigit	0	1	10	48	0	1	
rm@c_isgraph	0	1	33	94	0	1	
rm@c_islower	0	1	26	97	0	1	
rm@c_isprint	0	1	32	95	0	1	
rm@c_ispunct	0	1	4	15	33	58	65	91	97	123	4279152	0	1	
rm@c_isspace	0	1	9	14	4279244	0	1	
rm@c_isupper	0	1	26	65	0	1	
rm@c_isxdigit	0	1	2	48	55	4279400	4279412	4279416	0	
rm@c_tolower	0	26	32	65	
rm@c_toupper	0	26	32	97	
rm@dup_safer	
rm@__umoddi3	0	1	2	16	31	32	65535	4280308	4280376	4280636	32	0	1	
rm@__libc_csu_init	0	1	2	4	110384	0	1	
rm@__libc_csu_fini	
rm@atexit	110208	
rm@stat64	110176	
rm@fstat64	110144	
rm@lstat64	110112	
rm@fstatat64	3	110080	3	
rm@__do_global_ctors_aux	-1	4	32488	4325376	4357864	0	
rm@_MIPS_STUBS_	
rm@sub_415390	
rm@sub_4153a0	
rm@sub_4153b0	
rm@sub_4153c0	
rm@sub_4153d0	
rm@sub_4153e0	
rm@sub_4153f0	
rm@sub_415400	
rm@sub_415410	
rm@sub_415420	
rm@sub_415430	
rm@sub_415440	
rm@sub_415450	
rm@sub_415460	
rm@sub_415470	
rm@sub_415480	
rm@sub_415490	
rm@sub_4154a0	
rm@sub_4154b0	
rm@sub_4154c0	
rm@sub_4154d0	
rm@sub_4154e0	
rm@sub_4154f0	
rm@sub_415500	
rm@sub_415510	
rm@sub_415520	
rm@sub_415530	
rm@sub_415540	
rm@sub_415550	
rm@sub_415560	
rm@sub_415570	
rm@sub_415580	
rm@sub_415590	
rm@sub_4155a0	
rm@sub_4155b0	
rm@sub_4155c0	
rm@sub_4155d0	
rm@sub_4155e0	
rm@sub_4155f0	
rm@sub_415600	
rm@sub_415610	
rm@sub_415620	
rm@sub_415630	
rm@sub_415640	
rm@sub_415650	
rm@sub_415660	
rm@sub_415670	
rm@sub_415680	
rm@sub_415690	
rm@sub_4156a0	
rm@sub_4156b0	
rm@sub_4156c0	
rm@sub_4156d0	
rm@sub_4156e0	
rm@sub_4156f0	
rm@sub_415700	
rm@sub_415710	
rm@sub_415720	
rm@sub_415730	
rm@sub_415740	
rm@sub_415750	
rm@sub_415760	
rm@sub_415770	
rm@sub_415780	
rm@sub_415790	
rm@sub_4157a0	
rm@sub_4157b0	
rm@sub_4157c0	
rm@sub_4157d0	
rm@sub_4157e0	
rm@sub_4157f0	4282384	
rm@_fini	
rm@sub_415830	7172	4358404	
