00 00 00 00 00 00 00 00 
00 00 00 00 00 00 00 01 
00 00 00 00 00 00 00 02 
00 00 00 00 00 00 00 08 
00 00 00 00 00 00 00 18 
00 00 00 00 00 00 00 4c 
00 00 00 00 00 00 00 65 
00 00 00 00 00 00 00 69 
00 00 00 00 00 00 00 6f 
00 00 00 00 ff ff ff 7d 
00 00 00 00 ff ff ff 7e 
00 00 00 00 ff ff ff ff 
00 00 00 00 00 00 00 06 
00 00 00 00 00 00 00 7d 
00 00 00 00 00 00 00 00 
00 00 00 00 00 00 01 50 
00 00 00 00 00 00 00 00 
00 00 00 00 00 00 00 01 
00 00 00 00 00 00 00 7e 
00 00 00 00 00 00 00 7f 
