00 00 00 00 00 00 00 00 
00 00 00 00 00 00 00 01 
00 00 00 00 00 00 00 08 
00 00 00 00 00 00 00 62 
00 00 00 00 00 00 00 66 
00 00 00 00 00 00 00 68 
00 00 00 00 00 00 00 69 
00 00 00 00 00 00 00 6c 
00 00 00 00 00 00 00 70 
00 00 00 00 00 00 00 71 
00 00 00 00 00 00 00 73 
00 00 00 00 00 00 00 77 
00 00 00 00 ff ff ff 7d 
00 00 00 00 ff ff ff 7e 
00 00 00 00 ff ff ff ff 
00 00 00 00 00 00 00 06 
00 00 00 00 00 00 00 00 
00 00 00 00 00 00 00 00 
00 00 00 00 00 00 00 01 
00 00 00 00 00 00 00 01 
