00 00 00 00 00 00 00 00 
00 00 00 00 00 00 00 01 
00 00 00 00 00 00 00 05 
00 00 00 00 00 00 00 08 
00 00 00 00 00 00 00 10 
00 00 00 00 00 00 00 2c 
00 00 00 00 00 00 00 2f 
00 00 00 00 00 00 00 4c 
00 00 00 00 00 00 00 00 
00 00 00 00 00 00 00 20 
00 00 00 00 00 00 00 2a 
00 00 00 00 00 00 00 2f 
00 00 00 00 00 00 00 3f 
00 00 00 00 00 00 00 20 
00 00 00 00 00 00 00 2a 
00 00 00 00 00 00 00 3f 
00 00 00 00 00 00 00 2c 
00 00 00 00 00 00 00 00 
00 00 00 00 00 00 00 0a 
00 00 00 00 00 00 01 00 
00 00 00 00 00 00 00 3a 
