00 00 00 00 00 00 00 00 
00 00 00 00 00 00 00 01 
00 00 00 00 00 00 00 07 
00 00 00 00 00 00 00 08 
00 00 00 00 00 00 00 4c 
00 00 00 00 00 00 00 64 
00 00 00 00 00 00 00 69 
00 00 00 00 00 00 00 77 
00 00 00 00 00 00 00 80 
00 00 00 00 ff ff ff 7d 
00 00 00 00 ff ff ff 7e 
00 00 00 00 ff ff ff ff 
00 00 00 00 00 00 00 00 
00 00 00 00 00 00 00 01 
00 00 00 00 00 00 00 4c 
00 00 00 00 00 00 00 06 
00 00 00 00 00 00 00 00 
00 00 00 00 00 00 00 01 
00 00 00 00 00 00 00 10 
00 00 00 00 00 00 00 08 
00 00 00 00 00 00 00 02 
00 00 00 00 00 00 00 03 
00 00 00 00 00 00 00 4c 
