00 00 00 00 00 00 00 00 
00 00 00 00 00 00 00 01 
00 00 00 00 00 00 00 02 
00 00 00 00 00 00 00 08 
00 00 00 00 00 00 00 0c 
00 00 00 00 00 00 00 10 
00 00 00 00 00 00 00 48 
00 00 00 00 00 00 00 54 
00 00 00 00 00 00 00 61 
00 00 00 00 00 00 00 62 
00 00 00 00 00 00 00 64 
00 00 00 00 00 00 00 6c 
00 00 00 00 00 00 00 6d 
00 00 00 00 00 00 00 70 
00 00 00 00 00 00 00 71 
00 00 00 00 00 00 00 73 
00 00 00 00 00 00 00 75 
00 00 00 00 00 00 00 77 
00 00 00 00 00 00 00 80 
00 00 00 00 ff ff ff 7d 
00 00 00 00 ff ff ff 7e 
00 00 00 00 ff ff ff ff 
00 00 00 00 00 00 00 00 
00 00 00 00 00 00 00 01 
00 00 00 00 00 00 00 0c 
00 00 00 00 00 00 00 10 
00 00 00 00 00 00 00 06 
00 00 00 00 00 00 00 00 
00 00 00 00 00 6c 6c 61 
00 00 00 00 00 00 00 02 
00 00 00 00 00 00 00 08 
00 00 00 00 00 00 00 18 
00 00 00 00 00 00 00 01 
