00 00 00 00 00 00 00 00 
00 00 00 00 00 00 00 01 
00 00 00 00 00 00 00 03 
00 00 00 00 00 00 00 04 
00 00 00 00 00 00 00 05 
00 00 00 00 00 00 00 08 
00 00 00 00 00 00 00 2b 
00 00 00 00 00 00 00 2c 
00 00 00 00 00 00 00 2d 
00 00 00 00 00 00 00 2f 
00 00 00 00 00 00 00 3f 
00 00 00 00 00 00 00 4c 
00 00 00 00 00 00 00 00 
00 00 00 00 00 00 00 01 
00 00 00 00 00 00 00 2b 
00 00 00 00 00 00 00 2d 
00 00 00 00 00 00 00 2f 
00 00 00 00 00 00 00 3f 
00 00 00 00 00 3f 20 20 
00 00 00 00 00 00 00 20 
00 00 00 00 00 00 00 00 
00 00 00 00 00 00 01 00 
00 00 00 00 00 00 00 06 
00 00 00 00 00 00 00 3a 
00 00 00 00 00 00 00 01 
00 00 00 00 00 00 00 3f 
