00 00 00 00 00 00 00 00 
00 00 00 00 00 00 00 01 
00 00 00 00 00 00 00 02 
00 00 00 00 00 00 00 08 
00 00 00 00 00 00 00 10 
00 00 00 00 00 00 00 80 
00 00 00 00 00 00 01 80 
ff ff ff ff ff ff ff f8 
00 00 00 00 00 00 00 00 
00 00 00 00 00 00 00 01 
00 00 00 00 00 00 00 00 
00 00 00 00 00 00 01 80 
00 00 00 00 00 00 00 08 
00 00 00 00 00 00 00 08 
00 00 00 00 00 00 00 10 
00 00 00 00 00 00 00 18 
00 00 00 00 00 00 00 2d 
00 00 00 00 00 00 00 2e 
00 00 00 00 00 00 00 2f 
00 00 00 00 00 00 00 2d 
00 00 00 00 00 00 00 2e 
00 00 00 00 00 00 00 10 
00 00 00 00 00 00 00 18 
