00 00 00 00 00 00 00 00 
00 00 00 00 00 00 00 01 
00 00 00 00 00 00 00 02 
00 00 00 00 00 00 00 03 
00 00 00 00 00 00 00 08 
00 00 00 00 00 00 00 2a 
00 00 00 00 00 00 00 2e 
00 00 00 00 00 00 00 3a 
00 00 00 00 00 00 00 3d 
00 00 00 00 00 00 00 00 
00 00 00 00 00 00 00 01 
00 00 00 00 00 00 00 02 
00 00 00 00 00 00 00 03 
00 00 00 00 00 00 00 04 
00 00 00 00 00 00 00 2a 
00 00 00 00 00 00 00 3a 
00 00 00 00 00 00 00 3d 
00 00 00 00 00 00 00 6e 
00 00 00 00 00 00 00 6f 
00 00 00 00 00 00 00 00 
00 00 00 00 00 00 00 03 
00 00 00 00 00 00 00 01 
00 00 00 00 00 00 00 02 
00 00 00 00 00 00 00 00 
00 00 00 00 00 00 00 08 
00 00 00 00 00 00 00 6e 
00 00 00 00 00 00 00 6f 
00 00 00 00 00 00 00 04 
