00 00 00 00 00 00 00 00 
00 00 00 00 00 00 00 01 
00 00 00 00 00 00 00 02 
00 00 00 00 00 00 00 08 
00 00 00 00 00 00 00 10 
00 00 00 00 00 00 00 61 
00 00 00 00 00 00 00 69 
00 00 00 00 00 00 00 6d 
00 00 00 00 00 00 00 6e 
00 00 00 00 00 00 00 6f 
00 00 00 00 00 00 00 70 
00 00 00 00 00 00 00 72 
00 00 00 00 00 00 00 73 
00 00 00 00 00 00 00 76 
00 00 00 00 ff ff ff 7d 
00 00 00 00 ff ff ff 7e 
00 00 00 00 ff ff ff ff 
00 00 00 00 00 00 00 00 
00 00 00 00 00 00 00 01 
00 00 00 00 00 00 00 02 
00 00 00 00 00 00 00 03 
00 00 00 00 00 00 00 04 
00 00 00 00 00 00 00 06 
00 00 00 00 00 00 00 08 
00 00 00 00 00 00 00 0a 
00 00 00 00 00 00 00 10 
00 00 00 00 00 00 00 12 
00 00 00 00 00 00 00 20 
00 00 00 00 00 00 00 22 
00 00 00 00 00 00 00 40 
00 00 00 00 00 00 00 42 
00 00 00 00 00 00 00 80 
00 00 00 00 00 00 00 82 
00 00 00 00 00 00 00 00 
00 00 00 00 00 6c 6c 61 
00 00 00 00 00 00 00 08 
00 00 00 00 00 00 00 01 
