00 00 00 00 00 00 00 00 
00 00 00 00 00 00 00 01 
00 00 00 00 00 00 00 2f 
00 00 00 00 00 00 00 33 
00 00 00 00 00 00 01 87 
00 00 00 00 00 00 07 c0 
00 00 00 00 00 00 13 73 
00 00 00 00 00 00 13 7d 
00 00 00 00 00 00 13 7f 
00 00 00 00 00 00 13 8f 
00 00 00 00 00 00 1c d1 
00 00 00 00 00 00 24 68 
00 00 00 00 00 00 24 78 
00 00 00 00 00 00 34 34 
00 00 00 00 00 00 40 00 
00 00 00 00 00 00 40 04 
00 00 00 00 00 00 40 06 
00 00 00 00 00 00 42 44 
00 00 00 00 00 00 48 2b 
00 00 00 00 00 00 48 58 
00 00 00 00 00 00 4d 44 
00 00 00 00 00 00 4d 5a 
00 00 00 00 00 00 51 7b 
00 00 00 00 00 00 56 4c 
00 00 00 00 00 00 5d f5 
00 00 00 00 00 00 69 69 
00 00 00 00 00 00 72 75 
00 00 00 00 00 00 72 b6 
00 00 00 00 00 00 96 60 
00 00 00 00 00 00 9f a0 
00 00 00 00 00 00 9f a2 
00 00 00 00 00 00 ad f5 
00 00 00 00 00 00 ad ff 
00 00 00 00 00 00 ef 51 
00 00 00 00 00 00 ef 53 
00 00 00 00 00 00 f1 5f 
00 00 00 00 00 01 19 54 
00 00 00 00 00 27 e0 eb 
00 00 00 00 00 41 4a 53 
00 00 00 00 00 c0 ff ee 
00 00 00 00 00 c3 64 00 
00 00 00 00 01 02 19 94 
00 00 00 00 01 02 19 97 
00 00 00 00 01 16 19 70 
00 00 00 00 01 2f d1 6d 
00 00 00 00 01 2f f7 b4 
00 00 00 00 01 2f f7 b5 
00 00 00 00 01 2f f7 b7 
00 00 00 00 01 31 11 a8 
00 00 00 00 07 65 58 21 
00 00 00 00 09 04 19 34 
00 00 00 00 0b ad 1d ea 
00 00 00 00 0b d0 0b d0 
00 00 00 00 11 30 78 54 
00 00 00 00 13 66 13 66 
00 00 00 00 15 01 33 46 
00 00 00 00 19 80 02 02 
00 00 00 00 19 83 03 26 
00 00 00 00 1b ad fa ce 
00 00 00 00 24 05 19 05 
00 00 00 00 28 cd 3d 45 
00 00 00 00 2b ad 1d ea 
00 00 00 00 2f c1 2f c1 
00 00 00 00 31 53 46 4a 
00 00 00 00 45 3d cd 28 
00 00 00 00 5a 3c 69 f0 
00 00 00 00 5d ca 2d f5 
00 00 00 00 7c 7c 66 73 
00 00 00 00 85 84 58 f6 
00 00 00 00 91 23 68 3e 
00 00 00 00 95 84 58 f6 
00 00 00 00 a5 01 fc f5 
00 00 00 00 aa d7 aa ea 
00 00 00 00 ab ba 19 74 
00 00 00 00 ba cb ac bc 
00 00 00 00 be ef de ad 
00 00 00 00 c7 57 15 90 
00 00 00 00 c9 7e 81 68 
00 00 00 00 ca fe 4a 11 
00 00 00 00 de 5e 81 e4 
00 00 00 00 e0 f5 e1 e2 
00 00 00 00 f2 f5 20 10 
00 00 00 00 f9 7c ff 8c 
00 00 00 00 f9 95 e8 49 
00 00 00 00 fe 53 4d 42 
00 00 00 00 ff 53 4d 42 
00 00 00 00 ff ff ff ff 
