00 00 00 00 00 00 00 00 
00 00 00 00 00 00 00 01 
00 00 00 00 00 00 00 02 
00 00 00 00 00 00 00 03 
00 00 00 00 00 00 00 04 
00 00 00 00 00 00 00 09 
00 00 00 00 00 00 00 0a 
00 00 00 00 00 00 00 2b 
00 00 00 00 00 00 00 2d 
00 00 00 00 00 00 00 30 
00 00 00 00 00 00 00 62 
00 00 00 00 00 00 00 63 
00 00 00 00 00 00 00 66 
00 00 00 00 00 00 00 6c 
00 00 00 00 00 00 02 00 
00 00 00 00 00 03 0d af 
00 00 00 00 00 03 10 68 
00 00 00 00 ff ff ff fd 
00 00 00 00 00 00 00 00 
00 00 00 00 00 00 00 01 
00 00 00 00 00 00 00 0a 
00 00 00 00 00 00 14 00 
00 00 00 00 00 00 00 0a 
00 00 00 00 00 00 00 00 
00 00 00 00 00 00 00 01 
