00 00 00 00 00 00 00 00 
00 00 00 00 00 00 00 01 
00 00 00 00 00 00 00 02 
00 00 00 00 00 00 00 04 
00 00 00 00 00 00 00 26 
00 00 00 00 00 00 00 2b 
00 00 00 00 00 00 00 2d 
00 00 00 00 00 00 00 30 
00 00 00 00 00 00 00 39 
00 00 00 00 00 00 00 46 
00 00 00 00 00 00 00 63 
00 00 00 00 00 00 00 66 
00 00 00 00 00 00 00 6e 
00 00 00 00 00 00 00 71 
00 00 00 00 00 00 00 73 
00 00 00 00 00 00 00 76 
00 00 00 00 00 00 00 7a 
00 00 00 00 00 00 00 80 
00 00 00 00 00 00 00 81 
00 00 00 00 00 00 00 83 
00 00 00 00 00 00 00 84 
00 00 00 00 00 00 00 85 
00 00 00 00 ff ff ff 7d 
00 00 00 00 ff ff ff 7e 
00 00 00 00 ff ff ff ff 
00 00 00 00 00 00 00 00 
00 00 00 00 00 00 00 01 
00 00 00 00 00 00 00 02 
00 00 00 00 00 00 00 00 
00 00 00 00 00 00 00 01 
00 00 00 00 00 00 00 04 
