00 00 00 00 00 00 00 00 
00 00 00 00 00 00 00 01 
00 00 00 00 00 00 00 02 
00 00 00 00 00 00 00 03 
00 00 00 00 00 00 00 04 
00 00 00 00 00 00 00 05 
00 00 00 00 00 00 00 08 
00 00 00 00 00 00 00 10 
00 00 00 00 00 00 00 11 
00 00 00 00 00 00 00 16 
00 00 00 00 00 00 00 1c 
00 00 00 00 00 00 00 44 
00 00 00 00 00 00 00 48 
00 00 00 00 00 00 00 50 
00 00 00 00 00 00 00 60 
00 00 00 00 00 00 02 00 
00 00 00 00 00 00 04 00 
00 00 00 00 00 00 0e 04 
00 00 00 00 ff ff ff ff 
ff ff ff ff ff ff ff ff 
00 00 00 00 00 00 00 00 
00 00 00 00 00 00 00 01 
00 00 00 00 00 00 00 02 
00 00 00 00 00 00 00 03 
00 00 00 00 00 00 00 0e 
00 00 00 00 00 00 00 0f 
00 00 00 00 00 00 00 11 
00 00 00 00 00 00 00 22 
00 00 00 00 00 00 0c 06 
00 00 00 00 00 00 00 00 
00 00 00 00 00 00 00 02 
00 00 00 00 00 00 00 11 
00 00 00 00 00 00 07 84 
00 00 00 00 00 00 00 0d 
00 00 00 00 00 00 00 0e 
00 00 00 00 00 00 00 0f 
00 00 00 00 00 00 00 10 
00 00 00 00 00 00 00 0d 
00 00 00 00 00 00 00 0e 
00 00 00 00 00 00 00 0f 
00 00 00 00 00 00 00 04 
00 00 00 00 00 00 00 22 
00 00 00 00 00 00 00 01 
