00 00 00 00 00 00 00 00 
00 00 00 00 00 00 00 01 
00 00 00 00 00 00 00 02 
00 00 00 00 00 00 00 03 
00 00 00 00 00 00 00 05 
00 00 00 00 00 00 00 08 
00 00 00 00 00 00 00 30 
00 00 00 00 00 00 00 38 
00 00 00 00 00 00 00 3c 
00 00 00 00 00 00 00 40 
00 00 00 00 00 00 00 58 
00 00 00 00 00 00 00 60 
00 00 00 00 00 00 08 00 
00 00 00 00 00 00 80 00 
00 00 00 00 00 00 f0 00 
00 00 00 00 ff ff ff ff 
ff ff ff ff ff ff ff fe 
ff ff ff ff ff ff ff ff 
00 00 00 00 00 00 00 00 
00 00 00 00 00 00 00 01 
00 00 00 00 00 00 00 00 
00 00 00 00 00 00 00 03 
00 00 00 00 00 00 00 01 
00 00 00 00 00 00 00 04 
00 00 00 00 00 00 00 05 
