00 00 00 00 00 00 00 00 
00 00 00 00 00 00 00 01 
00 00 00 00 00 00 00 02 
00 00 00 00 00 00 00 03 
00 00 00 00 00 00 00 04 
00 00 00 00 00 00 00 08 
00 00 00 00 00 00 00 64 
00 00 00 00 00 00 00 7a 
00 00 00 00 00 00 00 80 
00 00 00 00 00 00 00 81 
00 00 00 00 00 00 00 82 
00 00 00 00 00 00 00 83 
00 00 00 00 00 00 00 84 
00 00 00 00 00 00 00 86 
00 00 00 00 00 00 00 87 
00 00 00 00 00 00 00 88 
00 00 00 00 00 00 00 89 
00 00 00 00 00 00 00 8b 
00 00 00 00 00 00 00 8c 
00 00 00 00 00 00 00 8d 
00 00 00 00 ff ff ff 7d 
00 00 00 00 ff ff ff 7e 
00 00 00 00 ff ff ff ff 
00 00 00 00 00 00 00 00 
00 00 00 00 00 00 00 01 
00 00 00 00 00 00 00 02 
00 00 00 00 00 00 00 06 
00 00 00 00 00 01 00 00 
00 00 00 00 00 00 00 00 
00 00 00 00 00 00 00 04 
00 00 00 00 00 00 00 01 
00 00 00 00 00 00 00 0a 
00 00 00 00 00 01 00 01 
00 00 00 00 00 00 00 08 
