00 00 00 00 00 00 00 00 
00 00 00 00 00 00 00 01 
00 00 00 00 00 00 00 02 
00 00 00 00 00 00 00 22 
00 00 00 00 00 00 00 25 
00 00 00 00 00 00 00 27 
00 00 00 00 00 00 00 2e 
00 00 00 00 00 00 00 30 
00 00 00 00 00 00 00 3f 
00 00 00 00 00 00 00 66 
80 00 00 00 00 00 00 00 
00 00 00 00 00 00 00 00 
00 00 00 00 00 00 00 01 
00 00 00 00 00 00 00 02 
00 00 00 00 00 00 00 01 
00 00 00 00 00 00 00 02 
00 00 00 00 00 00 00 00 
00 00 00 00 00 00 00 01 
00 00 00 00 00 00 00 0a 
00 00 00 00 00 00 00 02 
