00 00 00 00 00 00 00 00 
00 00 00 00 00 00 00 01 
00 00 00 00 00 00 00 02 
00 00 00 00 00 00 00 03 
00 00 00 00 00 00 00 15 
00 00 00 00 00 00 00 2f 
00 00 00 00 00 00 00 41 
00 00 00 00 00 00 00 80 
00 00 00 00 00 00 01 b6 
00 00 00 00 00 00 02 00 
00 00 00 00 00 00 02 01 
00 00 00 00 00 00 80 00 
00 00 00 00 00 00 a0 00 
00 00 00 00 00 00 f0 00 
00 00 00 00 00 02 00 00 
00 00 00 00 ff ff f1 ff 
00 00 00 00 ff ff ff ff 
20 00 00 00 00 00 00 00 
7f ff ff ff ff ff ff ff 
00 00 00 00 00 00 00 00 
00 00 00 00 00 00 00 01 
00 00 00 00 00 02 00 00 
00 00 00 00 00 00 00 00 
00 00 00 00 00 00 00 00 
00 00 00 00 00 02 00 00 
00 00 00 00 00 00 00 04 
