00 00 00 00 00 00 00 00 
00 00 00 00 00 00 00 01 
00 00 00 00 00 00 00 02 
00 00 00 00 00 00 00 08 
00 00 00 00 00 00 00 2f 
00 00 00 00 00 00 00 56 
00 00 00 00 00 00 00 58 
00 00 00 00 00 00 00 64 
00 00 00 00 00 00 00 70 
00 00 00 00 00 00 00 71 
00 00 00 00 00 00 00 74 
00 00 00 00 00 00 00 75 
00 00 00 00 00 00 00 80 
00 00 00 00 ff ff ff 7d 
00 00 00 00 ff ff ff 7e 
00 00 00 00 ff ff ff ff 
ff ff ff ff ff ff ff ff 
00 00 00 00 00 00 00 00 
00 00 00 00 00 00 00 01 
00 00 00 00 00 00 00 06 
00 00 00 00 00 00 00 00 
00 00 00 00 00 00 00 08 
00 00 00 00 00 00 00 01 
00 00 00 00 00 00 00 58 
