00 00 00 00 00 00 00 00 
00 00 00 00 00 00 00 01 
00 00 00 00 00 00 00 02 
00 00 00 00 00 00 00 03 
00 00 00 00 00 00 00 04 
00 00 00 00 00 00 00 05 
00 00 00 00 00 00 00 0a 
00 00 00 00 00 00 00 15 
00 00 00 00 00 00 00 ff 
00 00 00 00 00 00 40 00 
00 00 00 00 00 00 a0 00 
00 00 00 00 00 00 f0 00 
00 00 00 00 ff ff ff ff 
00 00 00 00 00 00 00 00 
00 00 00 00 00 00 00 02 
00 00 00 00 00 00 00 03 
00 00 00 00 00 00 00 04 
00 00 00 00 00 00 00 0a 
00 00 00 00 00 00 00 15 
00 00 00 00 00 00 00 03 
00 00 00 00 00 00 00 04 
00 00 00 00 00 00 01 00 
00 00 00 00 00 00 00 00 
