00 00 00 00 00 00 00 00 
00 00 00 00 00 00 00 01 
00 00 00 00 00 00 00 02 
00 00 00 00 00 00 00 04 
00 00 00 00 00 00 00 06 
00 00 00 00 00 00 00 0d 
00 00 00 00 00 00 00 15 
00 00 00 00 00 00 00 27 
00 00 00 00 00 00 00 ff 
00 00 00 00 00 00 00 00 
00 00 00 00 00 00 00 01 
00 00 00 00 00 00 00 15 
00 00 00 00 00 00 00 27 
00 00 00 00 00 00 00 03 
00 00 00 00 00 00 00 00 
00 00 00 00 00 00 00 02 
00 00 00 00 00 00 00 01 
00 00 00 00 00 00 00 00 
00 00 00 00 00 00 00 01 
00 00 00 00 00 00 00 04 
00 00 00 00 00 00 00 15 
00 00 00 00 00 00 00 27 
