00 00 00 00 00 00 00 00 
00 00 00 00 00 00 00 01 
00 00 00 00 00 00 00 03 
00 00 00 00 00 00 00 04 
00 00 00 00 00 00 00 08 
00 00 00 00 00 00 00 09 
00 00 00 00 00 00 00 0a 
00 00 00 00 00 00 00 0b 
00 00 00 00 00 00 00 10 
00 00 00 00 00 00 00 2f 
00 00 00 00 00 00 00 30 
00 00 00 00 00 00 04 00 
00 00 00 00 00 00 04 01 
00 00 00 00 00 00 04 02 
00 00 00 00 00 00 04 06 
00 00 00 00 00 00 04 07 
00 00 00 00 00 00 04 09 
00 00 00 00 ff ff ff ff 
00 00 00 00 00 00 00 10 
00 00 00 00 00 00 00 18 
00 00 00 00 00 00 00 30 
00 00 00 00 00 00 00 18 
00 00 00 00 00 00 00 00 
