00 00 00 00 00 00 00 00 
00 00 00 00 00 00 00 01 
00 00 00 00 00 00 00 02 
00 00 00 00 00 00 00 08 
00 00 00 00 00 00 00 53 
00 00 00 00 00 00 00 54 
00 00 00 00 00 00 00 5a 
00 00 00 00 00 00 00 62 
00 00 00 00 00 00 00 66 
00 00 00 00 00 00 00 69 
00 00 00 00 00 00 00 6e 
00 00 00 00 00 00 00 74 
00 00 00 00 00 00 00 76 
00 00 00 00 00 00 00 80 
00 00 00 00 00 00 40 00 
00 00 00 00 00 00 f0 00 
00 00 00 00 ff ff ff 7d 
00 00 00 00 ff ff ff 7e 
00 00 00 00 ff ff ff ff 
00 00 00 00 00 00 00 00 
00 00 00 00 00 00 00 01 
00 00 00 00 00 00 00 02 
00 00 00 00 00 00 00 03 
00 00 00 00 00 00 00 06 
00 00 00 00 00 00 00 00 
00 00 00 00 00 00 00 08 
00 00 00 00 00 00 00 04 
00 00 00 00 00 00 01 c9 
00 00 00 00 00 00 00 01 
