00 00 00 00 00 00 00 00 
00 00 00 00 00 00 00 01 
00 00 00 00 00 00 00 02 
00 00 00 00 00 00 00 03 
00 00 00 00 00 00 00 04 
00 00 00 00 00 00 00 09 
00 00 00 00 00 00 00 0c 
00 00 00 00 00 00 00 13 
00 00 00 00 00 00 00 2e 
00 00 00 00 00 00 00 30 
00 00 00 00 00 00 00 39 
00 00 00 00 00 00 00 7e 
00 00 00 00 7e 31 7e 2e 
00 00 00 00 00 00 00 00 
00 00 00 00 00 00 00 01 
00 00 00 00 00 00 00 02 
00 00 00 00 00 00 00 03 
00 00 00 00 00 00 00 2e 
00 00 00 00 00 00 00 30 
00 00 00 00 00 00 00 7e 
00 00 00 00 00 00 00 00 
00 00 00 00 00 00 00 02 
00 00 00 00 00 00 00 03 
00 00 00 00 00 00 00 01 
00 00 00 00 00 00 00 02 
00 00 00 00 00 00 00 03 
00 00 00 00 00 00 00 04 
00 00 00 00 00 00 00 01 
