00 00 00 00 00 00 00 00 
00 00 00 00 00 00 00 01 
00 00 00 00 00 00 00 02 
00 00 00 00 00 00 00 03 
00 00 00 00 00 00 00 04 
00 00 00 00 00 00 00 08 
00 00 00 00 00 00 00 5a 
00 00 00 00 00 00 00 63 
00 00 00 00 00 00 01 b6 
00 00 00 00 00 00 20 00 
00 00 00 00 00 00 60 00 
00 00 00 00 ff ff fe 00 
00 00 00 00 ff ff ff 7d 
00 00 00 00 ff ff ff 7e 
00 00 00 00 ff ff ff ff 
ff ff ff ff ff ff ff ff 
00 00 00 00 00 00 00 00 
00 00 00 00 00 00 00 02 
00 00 00 00 00 00 00 04 
00 00 00 00 00 00 01 b6 
00 00 00 00 00 00 20 00 
00 00 00 00 00 00 60 00 
00 00 00 00 00 00 00 06 
00 00 00 00 00 00 00 00 
00 00 00 00 00 00 00 10 
00 00 00 00 00 00 00 01 
00 00 00 00 00 00 00 18 
00 00 00 00 00 00 00 28 
00 00 00 00 00 00 01 b6 
00 00 00 00 00 00 00 08 
00 00 00 00 00 00 10 00 
00 00 00 00 00 00 00 03 
00 00 00 00 00 00 00 04 
00 00 00 00 00 00 21 b6 
00 00 00 00 00 00 20 00 
