00 00 00 00 00 00 00 00 
00 00 00 00 00 00 00 01 
00 00 00 00 00 00 00 02 
00 00 00 00 00 00 00 03 
00 00 00 00 00 00 00 04 
00 00 00 00 00 00 00 07 
00 00 00 00 00 00 00 08 
00 00 00 00 00 00 00 0a 
00 00 00 00 00 00 00 0c 
00 00 00 00 00 00 00 10 
00 00 00 00 00 00 00 20 
00 00 00 00 00 00 00 3f 
00 00 00 00 00 00 00 40 
00 00 00 00 00 00 00 80 
00 00 00 00 ff ff ff df 
00 00 00 00 ff ff ff fb 
00 00 00 00 ff ff ff fd 
00 00 00 00 00 00 00 00 
00 00 00 00 00 00 00 01 
00 00 00 00 00 00 00 02 
00 00 00 00 00 00 00 03 
00 00 00 00 00 00 00 04 
00 00 00 00 00 00 00 07 
00 00 00 00 00 00 00 00 
00 00 00 00 00 00 00 10 
00 00 00 00 00 00 00 00 
00 00 00 00 00 00 00 00 
00 00 00 00 00 00 00 02 
