00 00 00 00 00 00 00 00 
00 00 00 00 00 00 00 01 
00 00 00 00 00 00 00 04 
00 00 00 00 00 00 00 08 
00 00 00 00 00 00 00 0c 
00 00 00 00 00 00 00 10 
00 00 00 00 00 00 00 7f 
00 00 00 00 00 00 01 00 
00 00 00 00 00 03 b2 fc 
00 00 00 00 00 20 00 00 
00 00 00 00 00 40 00 00 
00 00 00 00 01 01 02 c6 
00 00 00 00 ff ff ff 80 
00 00 00 00 ff ff ff ef 
ff ff ff ff ff ff ff bf 
00 00 00 00 00 00 00 00 
00 00 00 00 00 00 00 08 
00 00 00 00 00 03 b2 fc 
00 00 00 00 01 01 02 c6 
00 00 00 00 00 00 01 00 
