00 00 00 00 00 00 00 00 
00 00 00 00 00 00 00 01 
00 00 00 00 00 00 00 02 
00 00 00 00 00 00 00 04 
00 00 00 00 00 00 00 22 
00 00 00 00 00 00 00 24 
00 00 00 00 00 00 00 35 
00 00 00 00 00 00 00 42 
00 00 00 00 00 00 00 44 
00 00 00 00 00 00 00 45 
00 00 00 00 00 00 00 69 
00 00 00 00 00 00 03 e8 
00 00 00 00 00 00 04 00 
00 00 00 00 00 00 00 00 
00 00 00 00 00 00 00 01 
00 00 00 00 00 00 00 02 
00 00 00 00 00 00 00 03 
00 00 00 00 00 00 03 e8 
00 00 00 00 00 00 04 00 
00 00 00 00 00 00 00 54 
00 00 00 00 00 00 00 00 
00 00 00 00 00 00 00 30 
00 00 00 00 00 00 04 00 
00 00 00 00 00 00 00 04 
00 00 00 00 00 00 00 05 
00 00 00 00 00 00 00 01 
00 00 00 00 00 00 00 02 
00 00 00 00 00 00 00 03 
00 00 00 00 00 00 00 07 
00 00 00 00 00 00 00 06 
00 00 00 00 00 00 02 00 
00 00 00 00 00 00 00 08 
